54
ACHA034-20_HLS20130_Auriculella_uniplicata       0.0000000 0.4014283 0.0657023 0.0666692 0.0413330 0.0739548 0.0668540 0.0642577 0.0747292 0.0689358 0.0524021 0.0798591 0.0685888 0.0612967 0.4721650 0.7018116 0.8915792 0.9210897 0.7018116 0.5846851 0.0684363 0.5582945 0.9103490 0.0669766 0.0690770 0.5736374 0.0659803 0.0809723 0.0105701 0.6352380 0.0344620 0.0622355 0.4727910 0.8126228 0.0704401 0.0611501 0.0777627 0.4216941 0.5976173 0.0740329 0.5850257 0.0582040 0.0692398 0.0694468 0.0064877 0.5226035 0.0761361 0.4510524 0.0292215 0.0581217 0.5265636 0.0413334 1.0708925 0.4195398 
ACHA018-20_HLS20747_Auriculella_ambusta          0.4014283 0.0000000 0.3800821 0.3760314 0.4644572 0.0442751 0.4730741 0.2099654 0.1238287 0.2688313 0.0956798 0.1120250 0.1173950 0.0398362 7.1566595 0.6291404 0.4102142 0.4274981 0.6291404 0.5317792 0.0950307 8.9999987 0.1067015 0.5289189 0.5523000 0.4947790 0.1007375 0.1078415 0.4019057 0.4487425 0.4261241 0.0785511 0.2004057 0.6156423 0.1053835 0.1053047 0.6302285 0.1522799 0.4724653 0.1189961 0.1160294 0.2878522 0.2538603 0.1100121 0.4190357 0.0288515 0.4394626 8.9999987 0.3043554 0.0499437 0.4623176 0.4251817 0.5063539 0.0259157 
ACHA021-20_HLS21114_Auriculella_malleata         0.0657023 0.3800821 0.0000000 0.0040071 0.0637390 0.0706752 0.0561013 0.0477508 0.0622125 0.0515771 0.0524042 0.0719793 0.0660587 0.0544526 0.4774090 0.7381071 1.0423363 1.0773069 0.7260282 0.6385094 0.0637945 0.5622744 0.5745557 0.0522290 0.0542039 0.4674254 0.0578253 0.0590597 0.0698729 0.0734844 0.0680625 0.0480253 0.5129341 0.0938796 0.0153572 0.0739386 0.0741978 0.4555022 0.5262569 0.0737691 0.6388864 0.0510752 0.0513684 0.0223683 0.0676942 0.4992596 0.0587788 0.4161218 0.0625310 0.0537426 0.4679626 0.0680155 1.1273096 0.3626854 
ACHA038-20_HLS21113_Auriculella_malleata         0.0666692 0.3760314 0.0040071 0.0000000 0.0632989 0.0651793 0.0601396 0.0458084 0.0638001 0.0495988 0.0535926 0.0709604 0.0656630 0.0502098 0.4942055 0.9757167 1.2531854 1.2531854 0.9584364 0.8676069 0.0654576 0.5692619 0.7909751 0.0559900 0.0581096 0.6666536 0.0583821 0.0614283 0.0710236 0.1068631 0.0677535 0.0460408 0.5328534 0.1407625 0.0180504 0.0760001 0.0732672 0.4663585 0.7005738 0.0750804 0.8680254 0.0522344 0.0494023 0.0255616 0.0687483 0.4872050 0.0611176 0.3844214 0.0620593 0.0494516 0.7010387 0.0677053 1.7985098 0.3378543 
ACHA032-20_HLS20127_Auriculella_uniplicata       0.0413330 0.4644572 0.0637390 0.0632989 0.0000000 0.0825418 0.0750144 0.0597830 0.0745159 0.0650144 0.0638482 0.0838722 0.0776496 0.0615872 0.4713329 0.8692407 0.9418030 0.9726677 0.8692407 0.6998606 0.0623751 0.5308118 0.8736217 0.0751089 0.0773097 0.6563849 0.0698898 0.0711544 0.0310809 0.6426611 0.0051641 0.0577637 0.5491843 0.8258817 0.0684998 0.0681736 0.0816411 0.4493912 0.6831052 0.0810966 0.7002430 0.0617536 0.0646830 0.0675629 0.0395498 0.6181202 0.0664644 0.4497852 0.0207561 0.0650574 0.6571355 0.0025517 1.0679992 0.4442462 
ACHA016-20_HLS20184_Auriculella_ambusta          0.0739548 0.0442751 0.0706752 0.0651793 0.0825418 0.0000000 0.0720475 0.0563032 0.0635182 0.0611972 0.0543710 0.0626360 0.0051623 0.0318878 0.6151690 0.9347404 0.6758460 0.7005016 0.9347404 0.7587405 0.0541197 0.6703338 0.1664037 0.0728381 0.0750159 0.6654527 0.0599113 0.0664628 0.0740045 0.6704533 0.0782045 0.0522257 0.2726650 1.0199337 0.0570725 0.0611287 0.0870998 0.2379456 0.5846371 0.0636270 0.1466641 0.0620608 0.0609139 0.0602959 0.0760096 0.1543678 0.0809783 0.7077213 0.0631926 0.0368217 0.5730258 0.0781519 0.7762891 0.1373193 
ACHA030-20_HLS20153_Auriculella_turritella       0.0668540 0.4730741 0.0561013 0.0601396 0.0750144 0.0720475 0.0000000 0.0621284 0.0772220 0.0618596 0.0620631 0.0644319 0.0673683 0.0592236 0.4310574 0.5146884 0.7717946 0.8008767 0.5146884 0.3734751 0.0463469 0.5108700 0.6611568 0.0078375 0.0091966 0.0047425 0.0688269 0.0578493 0.0668604 0.5356970 0.0700715 0.0642049 0.5206903 0.6679913 0.0538334 0.0508007 0.0624290 0.4444303 0.0314090 0.0580738 0.3736761 0.0641675 0.0664248 0.0647011 0.0688715 0.6319659 0.0575956 0.4697783 0.0610264 0.0633869 0.0257225 0.0750141 0.7106157 0.4944998 
ACHA024-20_HLS20454_Auriculella_crassula         0.0642577 0.2099654 0.0477508 0.0458084 0.0597830 0.0563032 0.0621284 0.0000000 0.0293348 0.0052016 0.0253825 0.0617780 0.0522489 0.0478657 0.4983783 0.4849603 0.3967168 0.4139108 0.4849603 0.4644791 0.0421076 0.5330965 0.5737627 0.0548895 0.0568796 0.5159145 0.0293019 0.0545058 0.0642637 0.3208970 0.0639220 0.0038587 0.3267069 0.3812917 0.0478949 0.0549879 0.0638361 0.3124443 0.4927331 0.0635381 0.4647362 0.0199002 0.0051967 0.0521010 0.0662199 0.2248721 0.0504131 0.4527550 0.0538408 0.0432104 0.4406642 0.0638789 0.5510888 0.1802469 
ACHA013-20_HLS20458_Auriculella_crassula         0.0747292 0.1238287 0.0622125 0.0638001 0.0745159 0.0635182 0.0772220 0.0293348 0.0000000 0.0355097 0.0372046 0.0575537 0.0742346 0.0532991 0.6316819 0.7833081 0.7744061 0.8021164 0.7833081 0.6982986 0.0470130 0.6606848 0.1594598 0.0692455 0.0714171 0.7098308 0.0401095 0.0550535 0.0790962 0.5296707 0.0790026 0.0317794 0.5513220 0.6350761 0.0539220 0.0516477 0.0788963 0.5286108 0.8003513 0.0599216 0.1426617 0.0134155 0.0354132 0.0597767 0.0768095 0.5852398 0.0682998 0.7266990 0.0724188 0.0515465 0.6662481 0.0789489 0.8762127 0.4710750 
ACHA020-20_HLS20595_Auriculella_crassula         0.0689358 0.2688313 0.0515771 0.0495988 0.0650144 0.0611972 0.0618596 0.0052016 0.0355097 0.0000000 0.0288058 0.0664011 0.0569302 0.0481980 0.4787985 0.6267860 0.5083905 0.5303494 0.6267860 0.6025237 0.0464806 0.5264082 0.7423973 0.0545087 0.0565305 0.5346983 0.0329417 0.0594373 0.0689425 0.4116916 0.0686694 0.0092689 0.3436758 0.5071855 0.0517577 0.0600313 0.0685742 0.3285580 0.5105154 0.0683526 0.6028885 0.0264078 0.0025600 0.0568476 0.0710021 0.2920455 0.0551124 0.4313919 0.0587884 0.0443183 0.4563082 0.0693133 0.4634219 0.2313225 
ACHA003-20_HLS20637_Auriculella_crassula         0.0524021 0.0956798 0.0524042 0.0535926 0.0638482 0.0543710 0.0620631 0.0253825 0.0372046 0.0288058 0.0000000 0.0523167 0.0530773 0.0461353 0.5879253 0.5277633 0.7333807 0.7606889 0.5277633 0.5165312 0.0421870 0.6201019 0.1506139 0.0580741 0.0601144 0.5183092 0.0140637 0.0523940 0.0562717 0.3256373 0.0639283 0.0287603 0.4331287 0.3694062 0.0442901 0.0443961 0.0639118 0.4211316 0.5405771 0.0570956 0.1343290 0.0363723 0.0287425 0.0500997 0.0581708 0.3310046 0.0543245 0.5937254 0.0538449 0.0443725 0.4748457 0.0680093 0.7329724 0.2659233 
ACHA011-20_HLS20137_Auriculella_gagneorum        0.0798591 0.1120250 0.0719793 0.0709604 0.0838722 0.0626360 0.0644319 0.0617780 0.0575537 0.0664011 0.0523167 0.0000000 0.0809662 0.0466510 0.5468742 0.0047546 0.8568949 0.8240108 0.0047546 0.2408484 0.0277236 0.6292379 0.0519743 0.0596658 0.0617020 0.4718273 0.0563049 0.0227857 0.0720980 0.4775917 0.0794696 0.0493809 0.6935147 0.6632846 0.0491543 0.0331719 0.0012697 0.6306919 0.5754520 0.0377281 0.0781016 0.0597081 0.0667519 0.0514467 0.0825604 0.7209414 0.0243118 0.6431458 0.0768855 0.0479060 0.4556702 0.0839206 1.0953976 0.5286047 
ACHA036-20_HLS20183_Auriculella_ambusta          0.0685888 0.1173950 0.0660587 0.0656630 0.0776496 0.0051623 0.0673683 0.0522489 0.0742346 0.0569302 0.0530773 0.0809662 0.0000000 0.0397074 0.4585493 0.7862661 0.5566748 0.5785449 0.7862661 0.6699253 0.0674594 0.5274614 0.8068443 0.0681663 0.0702885 0.5756957 0.0583553 0.0810065 0.0686351 0.5895127 0.0734113 0.0541516 0.2873018 0.8923836 0.0665446 0.0724313 0.0787747 0.2502632 0.5044773 0.0775473 0.6172603 0.0577753 0.0566859 0.0708123 0.0706090 0.1607059 0.0760707 0.4664201 0.0579329 0.0462783 0.4941254 0.0733621 0.6790355 0.1421397 
ACHA005-20_HLS20091_Auriculella_perpusilla       0.0612967 0.0398362 0.0544526 0.0502098 0.0615872 0.0318878 0.0592236 0.0478657 0.0532991 0.0481980 0.0461353 0.0466510 0.0397074 0.0000000 0.6278417 0.6872253 0.4752641 0.4951701 0.6872253 0.4974852 0.0402571 0.6984523 0.1210146 0.0642021 0.0662994 0.4444303 0.0515726 0.0483753 0.0573091 0.5610634 0.0568470 0.0418799 0.0317375 0.7901827 0.0455366 0.0472816 0.0704028 0.0047819 0.5068883 0.0439823 0.1055594 0.0475711 0.0523822 0.0501894 0.0632596 0.1959481 0.0614838 0.6434419 0.0556239 0.0058427 0.4540175 0.0575567 0.5594308 0.1710703 
ACHA002-20_HLS20002_Tornatellides_sp             0.4721650 7.1566595 0.4774090 0.4942055 0.4713329 0.6151690 0.4310574 0.4983783 0.6316819 0.4787985 0.5879253 0.5468742 0.4585493 0.6278417 0.0000000 8.9999989 8.9999989 8.9999984 8.9999989 8.9999988 0.5319714 0.0479215 6.8188568 0.4174389 0.4232733 8.9999989 0.6207117 0.5943337 0.4348037 8.9999981 0.4618120 0.5808376 8.9999985 8.9999988 0.6115495 0.5515317 0.4181600 8.9999981 8.9999981 0.5287113 5.4892866 0.5065950 0.4984285 0.5749034 0.4654852 8.9999982 0.4494390 0.2124755 0.4435058 0.6312633 8.9999982 0.4714130 8.9999990 8.9999984 
ACHA050-20_HLS20539_Auriculella_gagneorum        0.7018116 0.6291404 0.7381071 0.9757167 0.8692407 0.9347404 0.5146884 0.4849603 0.7833081 0.6267860 0.5277633 0.0047546 0.7862661 0.6872253 8.9999989 0.0000000 0.8888192 0.8553877 0.0097105 0.2522225 0.1908749 8.9999984 0.1744166 0.4651292 0.4858709 0.4928835 0.4936445 0.1425651 0.6085209 0.4994850 0.8060278 0.5068597 0.7230969 0.6955099 0.6950678 0.2363811 0.0097145 0.6585221 0.5998656 0.2639116 0.2524170 0.4639367 0.5985933 0.5822338 0.7423433 0.7514614 0.1219066 8.9999981 0.6953698 0.6872253 0.4760125 0.8695911 1.1414356 0.5522489 
ACHA052-20_HLS20232_Auriculella_perversa         0.8915792 0.4102142 1.0423363 1.2531854 0.9418030 0.6758460 0.7717946 0.3967168 0.7744061 0.5083905 0.7333807 0.8568949 0.5566748 0.4752641 8.9999989 0.8888192 0.0000000 0.0047232 0.8888192 0.8065009 0.8200145 8.9999984 0.8950322 0.7291087 0.7004168 0.7428786 0.6793806 0.9907842 0.8333191 1.1147861 0.8819365 0.3799768 0.4749360 1.3614241 1.3615224 0.8583229 0.8903906 0.4557920 0.7707933 0.8365683 0.8068580 0.5662621 0.4458688 1.1706694 0.9208048 0.4458288 0.8646962 8.9999982 0.8398722 0.4433669 0.7577286 0.8801533 0.7495404 0.3931841 
ACHA053-20_HLS21612_Auriculella_perversa         0.9210897 0.4274981 1.0773069 1.2531854 0.9726677 0.7005016 0.8008767 0.4139108 0.8021164 0.5303494 0.7606889 0.8240108 0.5785449 0.4951701 8.9999984 0.8553877 0.0047232 0.0000000 0.8553877 0.8362230 0.8500603 8.9999984 0.9262101 0.7574388 0.7281368 0.7714275 0.7056494 1.0241628 0.8621079 1.0771287 0.9120871 0.3965130 0.4948228 1.3125351 1.3125710 0.8881090 0.8568949 0.4750143 0.7998585 0.8667570 0.8365683 0.5890418 0.4654367 1.1309479 0.9506742 0.4647443 0.8954799 8.9999989 0.8694318 0.4622138 0.7866449 0.9102690 0.7803916 0.4098032 
ACHA046-20_HLS20536_Auriculella_gagneorum        0.7018116 0.6291404 0.7260282 0.9584364 0.8692407 0.9347404 0.5146884 0.4849603 0.7833081 0.6267860 0.5277633 0.0047546 0.7862661 0.6872253 8.9999989 0.0097105 0.8888192 0.8553877 0.0000000 0.2522225 0.1908749 8.9999985 0.1563600 0.4651292 0.4858709 0.4928835 0.4936445 0.1425651 0.6085209 0.4913272 0.8060278 0.4641909 0.7230969 0.6827747 0.6823359 0.2363811 0.0097145 0.6585221 0.5998656 0.2639116 0.2524170 0.4639367 0.5985933 0.5725854 0.7423433 0.7514614 0.1219066 8.9999987 0.6953698 0.6872253 0.4760125 0.8695911 1.1414356 0.5522489 
ACHA042-20_HLS20524_Auriculella_tenella          0.5846851 0.5317792 0.6385094 0.8676069 0.6998606 0.7587405 0.3734751 0.4644791 0.6982986 0.6025237 0.5165312 0.2408484 0.6699253 0.4974852 8.9999988 0.2522225 0.8065009 0.8362230 0.2522225 0.0000000 0.1427200 8.9999987 0.2452931 0.3687674 0.3855168 0.3907741 0.4728546 0.2236048 0.5370404 0.6382568 0.5929581 0.4442591 0.5259747 0.8253345 0.7515469 0.1480276 0.2525172 0.4756736 0.4388305 0.0047726 0.0097515 0.4051832 0.5750890 0.7415538 0.6092084 0.6349180 0.2125111 8.9999985 0.5659800 0.4541437 0.3455239 0.7004874 1.1348266 0.5552369 
ACHA009-20_HLS20647_Auriculella_tenella          0.0684363 0.0950307 0.0637945 0.0654576 0.0623751 0.0541197 0.0463469 0.0421076 0.0470130 0.0464806 0.0421870 0.0277236 0.0674594 0.0402571 0.5319714 0.1908749 0.8200145 0.8500603 0.1908749 0.1427200 0.0000000 0.6088810 0.0682322 0.0455308 0.0473832 0.3070912 0.0478209 0.0262595 0.0643345 0.4805974 0.0624528 0.0389607 0.4339440 0.5752286 0.0489727 0.0124802 0.0384154 0.4503725 0.3481021 0.0232253 0.0467600 0.0439462 0.0463127 0.0561966 0.0704340 0.5405814 0.0307224 0.6357875 0.0565254 0.0403257 0.2974894 0.0664825 0.8588515 0.4312628 
ACHA216-22_PCMB54681_Tornatellides_subperforatus 0.5582945 8.9999987 0.5622744 0.5692619 0.5308118 0.6703338 0.5108700 0.5330965 0.6606848 0.5264082 0.6201019 0.6292379 0.5274614 0.6984523 0.0479215 8.9999984 8.9999984 8.9999984 8.9999985 8.9999987 0.6088810 0.0000000 8.9999984 0.4951500 0.5018373 8.9999989 0.6583368 0.6748801 0.5292722 8.9999987 0.5345633 0.6084461 8.9999985 8.9999988 0.6987867 0.6070521 0.5093527 8.9999985 8.9999989 0.6130480 8.3700673 0.5884483 0.5478137 0.6676982 0.5505027 8.9999990 0.5344532 0.2271411 0.5236821 0.7149434 8.9999989 0.5309057 8.9999989 8.9999985 
ACHA017-20_HLS20878_Auriculella_gagneorum        0.9103490 0.1067015 0.5745557 0.7909751 0.8736217 0.1664037 0.6611568 0.5737627 0.1594598 0.7423973 0.1506139 0.0519743 0.8068443 0.1210146 6.8188568 0.1744166 0.8950322 0.9262101 0.1563600 0.2452931 0.0682322 8.9999984 0.0000000 0.5998758 0.6254839 0.6345037 0.1585102 0.0239018 0.7956761 0.6268761 0.8083868 0.1262417 0.7036488 0.8092353 0.1476526 0.0795828 0.1745411 0.6411634 0.6498230 0.0775007 0.0749468 0.5491488 0.7080517 0.1564340 0.9604759 0.6007940 0.0660207 8.9999983 0.8390962 0.1242253 0.6130680 0.8739804 1.1248824 0.4802893 
ACHA022-20_HLS20335_Auriculella_turritella       0.0669766 0.5289189 0.0522290 0.0559900 0.0751089 0.0728381 0.0078375 0.0548895 0.0692455 0.0545087 0.0580741 0.0596658 0.0681663 0.0642021 0.4174389 0.4651292 0.7291087 0.7574388 0.4651292 0.3687674 0.0455308 0.4951500 0.5998758 0.0000000 0.0012707 0.0375364 0.0646971 0.0532353 0.0669830 0.4903471 0.0745481 0.0568850 0.5105961 0.5779441 0.0479330 0.0500147 0.0576804 0.4971391 0.0436083 0.0573609 0.3689654 0.0568520 0.0588355 0.0606351 0.0689974 0.6883984 0.0530181 0.4550933 0.0652663 0.0600898 0.0258295 0.0795346 0.6330737 0.5060308 
ACHA026-20_HLS20336_Auriculella_turritella       0.0690770 0.5523000 0.0542039 0.0581096 0.0773097 0.0750159 0.0091966 0.0568796 0.0714171 0.0565305 0.0601144 0.0617020 0.0702885 0.0662994 0.4232733 0.4858709 0.7004168 0.7281368 0.4858709 0.3855168 0.0473832 0.5018373 0.6254839 0.0012707 0.0000000 0.0437060 0.0668138 0.0551768 0.0690836 0.5130783 0.0767621 0.0588952 0.5331577 0.6072830 0.0499099 0.0519176 0.0597005 0.5193117 0.0499471 0.0593658 0.3857208 0.0588610 0.0609147 0.0627149 0.0711125 0.7174423 0.0549435 0.4613588 0.0673726 0.0621528 0.0316139 0.0817674 0.6635794 0.5286144 
ACHA048-20_HLS20198_Auriculella_turritella       0.5736374 0.4947790 0.4674254 0.6666536 0.6563849 0.6654527 0.0047425 0.5159145 0.7098308 0.5346983 0.5183092 0.4718273 0.5756957 0.4444303 8.9999989 0.4928835 0.7428786 0.7714275 0.4928835 0.3907741 0.3070912 8.9999989 0.6345037 0.0375364 0.0437060 0.0000000 0.5271257 0.4146774 0.5746159 0.5121719 0.5912448 0.5392787 0.4985149 0.6364617 0.5203278 0.3278261 0.4517590 0.4250283 0.0373667 0.4084842 0.3909817 0.4934684 0.6255121 0.5981112 0.5977451 0.6599598 0.3877623 8.9999989 0.5393272 0.4858454 0.0314911 0.6569783 0.7440591 0.5170112 
ACHA006-20_HLS20597_Auriculella_crassula         0.0659803 0.1007375 0.0578253 0.0583821 0.0698898 0.0599113 0.0688269 0.0293019 0.0401095 0.0329417 0.0140637 0.0563049 0.0583553 0.0515726 0.6207117 0.4936445 0.6793806 0.7056494 0.4936445 0.4728546 0.0478209 0.6583368 0.1585102 0.0646971 0.0668138 0.5271257 0.0000000 0.0616976 0.0660249 0.3258244 0.0699785 0.0313872 0.4266129 0.3884382 0.0515162 0.0551545 0.0663688 0.4147982 0.5992418 0.0581086 0.1276543 0.0373624 0.0328592 0.0560906 0.0638660 0.3265607 0.0646407 0.6358978 0.0594646 0.0497690 0.4828909 0.0742208 0.6994441 0.2628094 
ACHA015-20_HLS20185_Auriculella_gagneorum        0.0809723 0.1078415 0.0590597 0.0614283 0.0711544 0.0664628 0.0578493 0.0545058 0.0550535 0.0594373 0.0523940 0.0227857 0.0810065 0.0483753 0.5943337 0.1425651 0.9907842 1.0241628 0.1425651 0.2236048 0.0262595 0.6748801 0.0239018 0.0532353 0.0551768 0.4146774 0.0616976 0.0000000 0.0730157 0.4835120 0.0712455 0.0494425 0.6810314 0.6091177 0.0512389 0.0311113 0.0291405 0.6183999 0.4264152 0.0360897 0.0742100 0.0525515 0.0591632 0.0588417 0.0837372 0.6177681 0.0025573 0.7016622 0.0691785 0.0510948 0.4004622 0.0711964 1.1105893 0.4924271 
ACHA025-20_HLS20708_Auriculella_uniplicata       0.0105701 0.4019057 0.0698729 0.0710236 0.0310809 0.0740045 0.0668604 0.0642637 0.0790962 0.0689425 0.0562717 0.0720980 0.0686351 0.0573091 0.4348037 0.6085209 0.8333191 0.8621079 0.6085209 0.5370404 0.0643345 0.5292722 0.7956761 0.0669830 0.0690836 0.5746159 0.0660249 0.0730157 0.0000000 0.6363239 0.0246148 0.0622413 0.4339593 0.8142408 0.0704470 0.0571768 0.0700666 0.3863483 0.5986347 0.0698042 0.5373514 0.0622059 0.0692464 0.0694533 0.0091901 0.5232954 0.0684239 0.4267788 0.0260165 0.0581271 0.5274650 0.0278061 1.0721840 0.4200449 
ACHA047-20_HLS20723_Auriculella_malleata         0.6352380 0.4487425 0.0734844 0.1068631 0.6426611 0.6704533 0.5356970 0.3208970 0.5296707 0.4116916 0.3256373 0.4775917 0.5895127 0.5610634 8.9999981 0.4994850 1.1147861 1.0771287 0.4913272 0.6382568 0.4805974 8.9999987 0.6268761 0.4903471 0.5130783 0.5121719 0.3258244 0.4835120 0.6363239 0.0000000 0.6445127 0.3231334 0.6020173 0.0293593 0.0293570 0.6894150 0.5003562 0.5368724 0.5752846 0.6659721 0.6386337 0.3790084 0.3855975 0.0446562 0.6612235 0.5863748 0.4514478 8.9999987 0.5760492 0.5462864 0.5127759 0.6990645 1.4436226 0.4289329 
ACHA035-20_HLS20702_Auriculella_uniplicata       0.0344620 0.4261241 0.0680625 0.0677535 0.0051641 0.0782045 0.0700715 0.0639220 0.0790026 0.0686694 0.0639283 0.0794696 0.0734113 0.0568470 0.4618120 0.8060278 0.8819365 0.9120871 0.8060278 0.5929581 0.0624528 0.5345633 0.8083868 0.0745481 0.0767621 0.5912448 0.0699785 0.0712455 0.0246148 0.6445127 0.0000000 0.0618671 0.4944030 0.8284052 0.0685906 0.0682596 0.0772643 0.4032060 0.6160244 0.0723426 0.5933059 0.0618312 0.0689832 0.0676481 0.0327514 0.5687229 0.0665490 0.4596406 0.0177966 0.0576843 0.5919383 0.0051644 1.1323437 0.4454764 
ACHA004-20_HLS20609_Auriculella_crassula         0.0622355 0.0785511 0.0480253 0.0460408 0.0577637 0.0522257 0.0642049 0.0038587 0.0317794 0.0092689 0.0287603 0.0493809 0.0541516 0.0418799 0.5808376 0.5068597 0.3799768 0.3965130 0.4641909 0.4442591 0.0389607 0.6084461 0.1262417 0.0568850 0.0588952 0.5392787 0.0313872 0.0494425 0.0622413 0.3231334 0.0618671 0.0000000 0.3418673 0.3831112 0.0460338 0.0481250 0.0659113 0.3270922 0.5152284 0.0496821 0.1137020 0.0236518 0.0092578 0.0494072 0.0641847 0.2361716 0.0523379 0.6189056 0.0518722 0.0401494 0.4612416 0.0618253 0.5786795 0.1899880 
ACHA040-20_HLS21703_Auriculella_perpusilla       0.4727910 0.2004057 0.5129341 0.5328534 0.5491843 0.2726650 0.5206903 0.3267069 0.5513220 0.3436758 0.4331287 0.6935147 0.2873018 0.0317375 8.9999985 0.7230969 0.4749360 0.4948228 0.7230969 0.5259747 0.4339440 8.9999985 0.7036488 0.5105961 0.5331577 0.4985149 0.4266129 0.6810314 0.4339593 0.6020173 0.4944030 0.3418673 0.0000000 0.8126658 0.6713417 0.5568621 0.7243968 0.0259299 0.5200006 0.5495316 0.5749425 0.3244314 0.4017429 0.6420221 0.4928745 0.2369690 0.5816763 8.9999989 0.4839481 0.0203233 0.4881844 0.5043180 0.5861677 0.2103543 
ACHA041-20_HLS20731_Auriculella_malleata         0.8126228 0.6156423 0.0938796 0.1407625 0.8258817 1.0199337 0.6679913 0.3812917 0.6350761 0.5071855 0.3694062 0.6632846 0.8923836 0.7901827 8.9999988 0.6955099 1.3614241 1.3125351 0.6827747 0.8253345 0.5752286 8.9999988 0.8092353 0.5779441 0.6072830 0.6364617 0.3884382 0.6091177 0.8142408 0.0293593 0.8284052 0.3831112 0.8126658 0.0000000 0.0361128 0.8518193 0.6969039 0.7542083 0.7204077 0.8629770 0.8257665 0.4624350 0.4256189 0.0588184 0.8472166 0.8254442 0.5630982 8.9999980 0.7359686 0.7672952 0.6373171 0.9015787 1.3907500 0.5864114 
ACHA014-20_HLS20730_Auriculella_malleata         0.0704401 0.1053835 0.0153572 0.0180504 0.0684998 0.0570725 0.0538334 0.0478949 0.0539220 0.0517577 0.0442901 0.0491543 0.0665446 0.0455366 0.6115495 0.6950678 1.3615224 1.3125710 0.6823359 0.7515469 0.0489727 0.6987867 0.1476526 0.0479330 0.0499099 0.5203278 0.0515162 0.0512389 0.0704470 0.0293570 0.0685906 0.0460338 0.6713417 0.0361128 0.0000000 0.0597009 0.0650815 0.6199176 0.5928013 0.0624265 0.1560212 0.0512763 0.0515460 0.0069272 0.0725347 0.6833945 0.0541124 0.6621884 0.0628555 0.0463164 0.5210227 0.0730044 1.2840866 0.4804293 
ACHA012-20_HLS20649_Auriculella_tenella          0.0611501 0.1053047 0.0739386 0.0760001 0.0681736 0.0611287 0.0508007 0.0549879 0.0516477 0.0600313 0.0443961 0.0331719 0.0724313 0.0472816 0.5515317 0.2363811 0.8583229 0.8881090 0.2363811 0.1480276 0.0124802 0.6070521 0.0795828 0.0500147 0.0519176 0.3278261 0.0551545 0.0311113 0.0571768 0.6894150 0.0682596 0.0481250 0.5568621 0.8518193 0.0597009 0.0000000 0.0454536 0.5283563 0.3692649 0.0238218 0.0474917 0.0490513 0.0597469 0.0670148 0.0630916 0.5769008 0.0367263 0.6469520 0.0654252 0.0474642 0.3177587 0.0724460 0.9880692 0.4624323 
ACHA027-20_HLS20138_Auriculella_gagneorum        0.0777627 0.6302285 0.0741978 0.0732672 0.0816411 0.0870998 0.0624290 0.0638361 0.0788963 0.0685742 0.0639118 0.0012697 0.0787747 0.0704028 0.4181600 0.0097145 0.8903906 0.8568949 0.0097145 0.2525172 0.0384154 0.5093527 0.1745411 0.0576804 0.0597005 0.4517590 0.0663688 0.0291405 0.0700666 0.5003562 0.0772643 0.0659113 0.7243968 0.6969039 0.0650815 0.0454536 0.0000000 0.6597005 0.5520754 0.0477862 0.2527119 0.0617480 0.0688892 0.0650996 0.0804590 0.7528272 0.0258839 0.4287297 0.0747566 0.0704028 0.4363059 0.0816885 1.0503842 0.5532054 
ACHA039-20_HLS21705_Auriculella_perpusilla       0.4216941 0.1522799 0.4555022 0.4663585 0.4493912 0.2379456 0.4444303 0.3124443 0.5286108 0.3285580 0.4211316 0.6306919 0.2502632 0.0047819 8.9999981 0.6585221 0.4557920 0.4750143 0.6585221 0.4756736 0.4503725 8.9999985 0.6411634 0.4971391 0.5193117 0.4250283 0.4147982 0.6183999 0.3863483 0.5368724 0.4032060 0.3270922 0.0259299 0.7542083 0.6199176 0.5283563 0.6597005 0.0000000 0.4852171 0.4974852 0.5210418 0.3099353 0.3842460 0.5724122 0.4400322 0.1850890 0.5268353 8.9999989 0.3939917 0.0259373 0.4341991 0.4112893 0.5339315 0.1615501 
ACHA051-20_HLS20461_Auriculella_turritella       0.5976173 0.4724653 0.5262569 0.7005738 0.6831052 0.5846371 0.0314090 0.4927331 0.8003513 0.5105154 0.5405771 0.5754520 0.5044773 0.5068883 8.9999981 0.5998656 0.7707933 0.7998585 0.5998656 0.4388305 0.3481021 8.9999989 0.6498230 0.0436083 0.0499471 0.0373667 0.5992418 0.4264152 0.5986347 0.5752846 0.6160244 0.5152284 0.5200006 0.7204077 0.5928013 0.3692649 0.5520754 0.4852171 0.0000000 0.4582699 0.4390631 0.5619364 0.5976995 0.6702849 0.6224222 0.6310686 0.3988893 8.9999984 0.5150198 0.5068883 0.0373700 0.6837196 0.7765002 0.4938533 
ACHA010-20_HLS20134_Auriculella_tenella          0.0740329 0.1189961 0.0737691 0.0750804 0.0810966 0.0636270 0.0580738 0.0635381 0.0599216 0.0683526 0.0570956 0.0377281 0.0775473 0.0439823 0.5287113 0.2639116 0.8365683 0.8667570 0.2639116 0.0047726 0.0232253 0.6130480 0.0775007 0.0573609 0.0593658 0.4084842 0.0581086 0.0360897 0.0698042 0.6659721 0.0723426 0.0496821 0.5495316 0.8629770 0.0624265 0.0238218 0.0477862 0.4974852 0.4582699 0.0000000 0.0015449 0.0573535 0.0686776 0.0698776 0.0760858 0.6622628 0.0429579 0.6303215 0.0702270 0.0452324 0.3612759 0.0810964 1.1797235 0.5793667 
ACHA019-20_HLS20347_Auriculella_tenella          0.5850257 0.1160294 0.6388864 0.8680254 0.7002430 0.1466641 0.3736761 0.4647362 0.1426617 0.6028885 0.1343290 0.0781016 0.6172603 0.1055594 5.4892866 0.2524170 0.8068580 0.8365683 0.2524170 0.0097515 0.0467600 8.3700673 0.0749468 0.3689654 0.3857208 0.3909817 0.1276543 0.0742100 0.5373514 0.6386337 0.5933059 0.1137020 0.5749425 0.8257665 0.1560212 0.0474917 0.2527119 0.5210418 0.4390631 0.0015449 0.0000000 0.4054026 0.5754332 0.1690987 0.6095613 0.6352899 0.2127176 8.8948462 0.5663125 0.1087509 0.3457154 0.7008698 1.1350039 0.5555576 
ACHA033-20_HLS20459_Auriculella_crassula         0.0582040 0.2878522 0.0510752 0.0522344 0.0617536 0.0620608 0.0641675 0.0199002 0.0134155 0.0264078 0.0363723 0.0597081 0.0577753 0.0475711 0.5065950 0.4639367 0.5662621 0.5890418 0.4639367 0.4051832 0.0439462 0.5884483 0.5491488 0.0568520 0.0588610 0.4934684 0.0373624 0.0525515 0.0622059 0.3790084 0.0618312 0.0236518 0.3244314 0.4624350 0.0512763 0.0490513 0.0617480 0.3099353 0.5619364 0.0573535 0.4054026 0.0000000 0.0263524 0.0554889 0.0601221 0.3415490 0.0485111 0.4659704 0.0557997 0.0430272 0.4609852 0.0658791 0.6361414 0.2749741 
ACHA023-20_HLS20607_Auriculella_crassula         0.0692398 0.2538603 0.0513684 0.0494023 0.0646830 0.0609139 0.0664248 0.0051967 0.0354132 0.0025600 0.0287425 0.0667519 0.0566859 0.0523822 0.4984285 0.5985933 0.4458688 0.4654367 0.5985933 0.5750890 0.0463127 0.5478137 0.7080517 0.0588355 0.0609147 0.6255121 0.0328592 0.0591632 0.0692464 0.3855975 0.0689832 0.0092578 0.4017429 0.4256189 0.0515460 0.0597469 0.0688892 0.3842460 0.5976995 0.0686776 0.5754332 0.0263524 0.0000000 0.0566009 0.0712723 0.2746646 0.0548782 0.4527958 0.0585178 0.0476130 0.5354441 0.0689361 0.5513102 0.2190134 
ACHA007-20_HLS20655_Auriculella_malleata         0.0694468 0.1100121 0.0223683 0.0255616 0.0675629 0.0602959 0.0647011 0.0521010 0.0597767 0.0568476 0.0500997 0.0514467 0.0708123 0.0501894 0.5749034 0.5822338 1.1706694 1.1309479 0.5725854 0.7415538 0.0561966 0.6676982 0.1564340 0.0606351 0.0627149 0.5981112 0.0560906 0.0588417 0.0694533 0.0446562 0.0676481 0.0494072 0.6420221 0.0588184 0.0069272 0.0670148 0.0650996 0.5724122 0.6702849 0.0698776 0.1690987 0.0554889 0.0566009 0.0000000 0.0714478 0.6252017 0.0584582 0.6434373 0.0621767 0.0509984 0.5988436 0.0718602 1.5739461 0.4562114 
ACHA037-20_HLS20131_Auriculella_uniplicata       0.0064877 0.4190357 0.0676942 0.0687483 0.0395498 0.0760096 0.0688715 0.0662199 0.0768095 0.0710021 0.0581708 0.0825604 0.0706090 0.0632596 0.4654852 0.7423433 0.9208048 0.9506742 0.7423433 0.6092084 0.0704340 0.5505027 0.9604759 0.0689974 0.0711125 0.5977451 0.0638660 0.0837372 0.0091901 0.6612235 0.0327514 0.0641847 0.4928745 0.8472166 0.0725347 0.0630916 0.0804590 0.4400322 0.6224222 0.0760858 0.6095613 0.0601221 0.0712723 0.0714478 0.0000000 0.5449137 0.0788541 0.4570321 0.0275861 0.0600442 0.5491840 0.0395502 1.1110028 0.4378281 
ACHA044-20_HLS20879_Auriculella_ambusta          0.5226035 0.0288515 0.4992596 0.4872050 0.6181202 0.1543678 0.6319659 0.2248721 0.5852398 0.2920455 0.3310046 0.7209414 0.1607059 0.1959481 8.9999982 0.7514614 0.4458288 0.4647443 0.7514614 0.6349180 0.5405814 8.9999990 0.6007940 0.6883984 0.7174423 0.6599598 0.3265607 0.6177681 0.5232954 0.5863748 0.5687229 0.2361716 0.2369690 0.8254442 0.6833945 0.5769008 0.7528272 0.1850890 0.6310686 0.6622628 0.6352899 0.3415490 0.2746646 0.6252017 0.5449137 0.0000000 0.5266910 8.9999987 0.4091166 0.2322173 0.6184391 0.5674107 0.6145852 0.0352306 
ACHA029-20_HLS20186_Auriculella_gagneorum        0.0761361 0.4394626 0.0587788 0.0611176 0.0664644 0.0809783 0.0575956 0.0504131 0.0682998 0.0551124 0.0543245 0.0243118 0.0760707 0.0614838 0.4494390 0.1219066 0.8646962 0.8954799 0.1219066 0.2125111 0.0307224 0.5344532 0.0660207 0.0530181 0.0549435 0.3877623 0.0646407 0.0025573 0.0684239 0.4514478 0.0665490 0.0523379 0.5816763 0.5630982 0.0541124 0.0367263 0.0258839 0.5268353 0.3988893 0.0429579 0.2127176 0.0485111 0.0548782 0.0584582 0.0788541 0.5266910 0.0000000 0.4364372 0.0645425 0.0642010 0.3747952 0.0665035 0.9350772 0.4197987 
ACHA001-20_HLS20486_Tornatellaria_sp             0.4510524 8.9999987 0.4161218 0.3844214 0.4497852 0.7077213 0.4697783 0.4527550 0.7266990 0.4313919 0.5937254 0.6431458 0.4664201 0.6434419 0.2124755 8.9999981 8.9999982 8.9999989 8.9999987 8.9999985 0.6357875 0.2271411 8.9999983 0.4550933 0.4613588 8.9999989 0.6358978 0.7016622 0.4267788 8.9999987 0.4596406 0.6189056 8.9999989 8.9999980 0.6621884 0.6469520 0.4287297 8.9999989 8.9999984 0.6303215 8.8948462 0.4659704 0.4527958 0.6434373 0.4570321 8.9999987 0.4364372 0.0000000 0.4277941 0.6563902 8.9999987 0.4498612 8.9999987 8.9999987 
ACHA028-20_HLS20149_Auriculella_uniplicata       0.0292215 0.3043554 0.0625310 0.0620593 0.0207561 0.0631926 0.0610264 0.0538408 0.0724188 0.0587884 0.0538449 0.0768855 0.0579329 0.0556239 0.4435058 0.6953698 0.8398722 0.8694318 0.6953698 0.5659800 0.0565254 0.5236821 0.8390962 0.0652663 0.0673726 0.5393272 0.0594646 0.0691785 0.0260165 0.5760492 0.0177966 0.0518722 0.4839481 0.7359686 0.0628555 0.0654252 0.0747566 0.3939917 0.5150198 0.0702270 0.5663125 0.0557997 0.0585178 0.0621767 0.0275861 0.4091166 0.0645425 0.4277941 0.0000000 0.0589630 0.4509152 0.0207567 1.0292700 0.3500380 
ACHA008-20_HLS20187_Auriculella_perpusilla       0.0581217 0.0499437 0.0537426 0.0494516 0.0650574 0.0368217 0.0633869 0.0432104 0.0515465 0.0443183 0.0443725 0.0479060 0.0462783 0.0058427 0.6312633 0.6872253 0.4433669 0.4622138 0.6872253 0.4541437 0.0403257 0.7149434 0.1242253 0.0600898 0.0621528 0.4858454 0.0497690 0.0510948 0.0581271 0.5462864 0.0576843 0.0401494 0.0203233 0.7672952 0.0463164 0.0474642 0.0704028 0.0259373 0.5068883 0.0452324 0.1087509 0.0430272 0.0476130 0.0509984 0.0600442 0.2322173 0.0642010 0.6563902 0.0589630 0.0000000 0.4540175 0.0650572 0.6135367 0.2065922 
ACHA045-20_HLS20816_Auriculella_turritella       0.5265636 0.4623176 0.4679626 0.7010387 0.6571355 0.5730258 0.0257225 0.4406642 0.6662481 0.4563082 0.4748457 0.4556702 0.4941254 0.4540175 8.9999982 0.4760125 0.7577286 0.7866449 0.4760125 0.3455239 0.2974894 8.9999989 0.6130680 0.0258295 0.0316139 0.0314911 0.4828909 0.4004622 0.5274650 0.5127759 0.5919383 0.4612416 0.4881844 0.6373171 0.5210227 0.3177587 0.4363059 0.4341991 0.0373700 0.3612759 0.3457154 0.4609852 0.5354441 0.5988436 0.5491840 0.6184391 0.3747952 8.9999987 0.4509152 0.4540175 0.0000000 0.6577293 0.6946144 0.4833956 
ACHA031-20_HLS20126_Auriculella_uniplicata       0.0413334 0.4251817 0.0680155 0.0677053 0.0025517 0.0781519 0.0750141 0.0638789 0.0789489 0.0693133 0.0680093 0.0839206 0.0733621 0.0575567 0.4714130 0.8695911 0.8801533 0.9102690 0.8695911 0.7004874 0.0664825 0.5309057 0.8739804 0.0795346 0.0817674 0.6569783 0.0742208 0.0711964 0.0278061 0.6990645 0.0051644 0.0618253 0.5043180 0.9015787 0.0730044 0.0724460 0.0816885 0.4112893 0.6837196 0.0810964 0.7008698 0.0658791 0.0689361 0.0718602 0.0395502 0.5674107 0.0665035 0.4498612 0.0207567 0.0650572 0.6577293 0.0000000 1.0682397 0.4444861 
ACHA049-20_HLS21154_Auriculella_montana          1.0708925 0.5063539 1.1273096 1.7985098 1.0679992 0.7762891 0.7106157 0.5510888 0.8762127 0.4634219 0.7329724 1.0953976 0.6790355 0.5594308 8.9999990 1.1414356 0.7495404 0.7803916 1.1414356 1.1348266 0.8588515 8.9999989 1.1248824 0.6330737 0.6635794 0.7440591 0.6994441 1.1105893 1.0721840 1.4436226 1.1323437 0.5786795 0.5861677 1.3907500 1.2840866 0.9880692 1.0503842 0.5339315 0.7765002 1.1797235 1.1350039 0.6361414 0.5513102 1.5739461 1.1110028 0.6145852 0.9350772 8.9999987 1.0292700 0.6135367 0.6946144 1.0682397 0.0000000 0.4824328 
ACHA043-20_HLS21744_Auriculella_ambusta          0.4195398 0.0259157 0.3626854 0.3378543 0.4442462 0.1373193 0.4944998 0.1802469 0.4710750 0.2313225 0.2659233 0.5286047 0.1421397 0.1710703 8.9999984 0.5522489 0.3931841 0.4098032 0.5522489 0.5552369 0.4312628 8.9999985 0.4802893 0.5060308 0.5286144 0.5170112 0.2628094 0.4924271 0.4200449 0.4289329 0.4454764 0.1899880 0.2103543 0.5864114 0.4804293 0.4624323 0.5532054 0.1615501 0.4938533 0.5793667 0.5555576 0.2749741 0.2190134 0.4562114 0.4378281 0.0352306 0.4197987 8.9999987 0.3500380 0.2065922 0.4833956 0.4444861 0.4824328 0.0000000 
