54
ACHA045-20_HLS20816_Auriculella_turritella       0.0000000 0.6056907 0.6649789 0.3197207 0.0258562 0.0316506 0.4880910 0.0315270 0.5329546 0.4580091 0.4801745 0.4594915 8.9999988 0.6252562 0.0257484 0.4987831 0.4551084 0.7094643 8.9999983 0.4801745 0.3636988 0.4580091 0.4653229 0.6655883 0.2995408 0.4666607 0.3776760 0.3477827 0.5181666 0.4655835 0.0374166 0.4038321 0.5320323 0.5551021 0.5407997 0.7690513 0.4876001 0.3479727 0.6201874 0.4925187 0.4792085 0.5980946 0.4446828 0.5264933 0.4726677 8.9999984 0.6450227 0.4398252 0.5790744 0.6741737 0.7036336 0.4604234 0.7988097 0.4379032 
ACHA007-20_HLS20655_Auriculella_malleata         0.6056907 0.0000000 0.0676976 0.0671602 0.0607382 0.0628254 0.4601117 0.6049298 0.0695728 0.0510950 0.5783525 0.0515406 0.6488424 0.6310564 0.0648180 0.0709556 0.0622881 0.0255749 0.5799409 0.5884625 0.0700448 0.0502792 0.0555671 0.0720096 0.0563026 0.1104705 0.0585611 0.7510032 0.0447258 0.0494955 0.6782619 0.0589654 0.0695664 0.0715745 0.0566872 1.1901822 0.0561961 0.1700058 0.1573146 0.6484026 0.0501818 0.0677845 0.0521701 0.0069280 0.0223753 0.6731644 0.0589300 0.0652277 0.0604156 0.0598925 1.5935582 0.0569373 1.1495016 0.5778919 
ACHA032-20_HLS20127_Auriculella_uniplicata       0.6649789 0.0676976 0.0000000 0.0683047 0.0752695 0.0774788 0.4480506 0.6641917 0.0311015 0.0651809 0.8818973 0.0840793 0.4539635 0.6248455 0.0751740 0.0778149 0.0207614 0.0634186 0.4753383 0.8818973 0.0812871 0.0616924 0.0618604 0.0025513 0.0624776 0.4685957 0.0665921 0.7084291 0.6499372 0.0578588 0.6915479 0.0713040 0.0413701 0.0395835 0.0648074 0.9586485 0.0700352 0.7088321 0.8862255 0.5546878 0.0639620 0.0051636 0.0598842 0.0686427 0.0638653 0.5349840 0.8369845 0.0818393 0.0827301 0.0746812 1.0852205 0.0651426 0.9904492 0.4532779 
ACHA012-20_HLS20649_Auriculella_tenella          0.3197207 0.0671602 0.0683047 0.0000000 0.0500780 0.0519856 0.4665519 0.3300921 0.0572580 0.0475437 0.2374232 0.0331995 0.6524449 0.5825736 0.0508605 0.0725689 0.0655536 0.0761542 0.5561568 0.2374232 0.0238360 0.0473532 0.0491274 0.0725922 0.0124860 0.1056740 0.0367495 0.1485407 0.6985707 0.0482039 0.3719264 0.0311351 0.0612432 0.0631901 0.0598603 0.8731012 0.0552520 0.0475699 0.0797788 0.5625680 0.0444584 0.0683914 0.0550805 0.0598183 0.0740897 0.6118723 0.8647616 0.0454918 0.0612375 0.0517426 1.0032151 0.0601478 0.9038145 0.5335854 
ACHA022-20_HLS20335_Auriculella_turritella       0.0258562 0.0607382 0.0752695 0.0500780 0.0000000 0.0012705 0.5111373 0.0375848 0.0671047 0.0601954 0.4692861 0.0597661 0.4590938 0.6964532 0.0078372 0.0682964 0.0653854 0.0560821 0.4212518 0.4692861 0.0574521 0.0643215 0.0569407 0.0797123 0.0455804 0.5344687 0.0530857 0.3714062 0.4953834 0.0569750 0.0436691 0.0533048 0.0670984 0.0691256 0.0589424 0.7396272 0.0648210 0.3716033 0.6069326 0.5153124 0.0581729 0.0747149 0.0549725 0.0479918 0.0523025 0.4992182 0.5844304 0.0577750 0.0729888 0.0693888 0.6406103 0.0545998 0.7687641 0.5018393 
ACHA026-20_HLS20336_Auriculella_turritella       0.0316506 0.0628254 0.0774788 0.0519856 0.0012705 0.0000000 0.5341548 0.0437678 0.0692126 0.0622649 0.4903962 0.0618088 0.4654047 0.7261834 0.0091965 0.0704261 0.0674992 0.0582088 0.4271259 0.4903962 0.0594634 0.0664259 0.0589558 0.0819539 0.0474370 0.5583297 0.0550163 0.3883653 0.5184767 0.0589904 0.0500227 0.0552516 0.0692060 0.0712481 0.0610286 0.7101292 0.0669452 0.3885691 0.6331560 0.5382865 0.0602188 0.0769375 0.0569695 0.0499740 0.0542832 0.5059643 0.6143554 0.0598012 0.0751748 0.0715687 0.6718377 0.0566279 0.7386193 0.5244147 
ACHA043-20_HLS21744_Auriculella_ambusta          0.4880910 0.4601117 0.4480506 0.4665519 0.5111373 0.5341548 0.0000000 0.5221115 0.4234117 0.2073788 0.5579160 0.5338358 8.9999988 0.0352961 0.4991932 0.1425603 0.3524919 0.3405971 8.9999985 0.5579160 0.5854557 0.1717656 0.2764111 0.4482935 0.4349485 0.0259429 0.4234817 0.5608239 0.4324182 0.1907367 0.4985348 0.4972724 0.4229007 0.4414850 0.2201465 0.3960055 0.2641536 0.5611557 0.4849261 0.2111991 0.2673394 0.4493048 0.1809611 0.4845581 0.3655680 8.9999983 0.5923009 0.5588929 0.1376684 0.4751332 0.4868040 0.2327119 0.4129468 0.1622102 
ACHA048-20_HLS20198_Auriculella_turritella       0.0315270 0.6049298 0.6641917 0.3300921 0.0375848 0.0437678 0.5221115 0.0000000 0.5810783 0.4901542 0.4977491 0.4762998 8.9999980 0.6673766 0.0047452 0.5816981 0.5449635 0.6743292 8.9999990 0.4977491 0.4118141 0.4481080 0.4981658 0.6648006 0.3094197 0.4994789 0.3911184 0.3938447 0.5175475 0.5448440 0.0374139 0.4185777 0.5800768 0.6047157 0.6323362 0.7534552 0.5326615 0.3940524 0.6426844 0.5032325 0.5234343 0.5973742 0.5210242 0.5257804 0.4721222 8.9999983 0.6441286 0.4558807 0.6732465 0.7184722 0.7540000 0.5399039 0.7828130 0.4284447 
ACHA025-20_HLS20708_Auriculella_uniplicata       0.5329546 0.0695728 0.0311015 0.0572580 0.0671047 0.0692126 0.4234117 0.5810783 0.0000000 0.0582147 0.6165077 0.0722200 0.4307025 0.5280355 0.0669807 0.0687646 0.0260298 0.0711535 0.4387442 0.6165077 0.0699292 0.0573998 0.0623050 0.0278225 0.0644349 0.4049994 0.0685379 0.5429705 0.6446129 0.0623408 0.6056353 0.0731494 0.0105702 0.0091899 0.0693762 0.8472316 0.0661464 0.5432918 0.8080073 0.4373663 0.0563540 0.0246277 0.0643693 0.0705734 0.0699980 0.5336703 0.8270252 0.0701822 0.0741491 0.0792662 1.0904946 0.0690817 0.8769246 0.3892276 
ACHA008-20_HLS20187_Auriculella_perpusilla       0.4580091 0.0510950 0.0651809 0.0475437 0.0601954 0.0622649 0.2073788 0.4901542 0.0582147 0.0000000 0.6946121 0.0479904 0.6615552 0.2333190 0.0635091 0.0463411 0.0590682 0.0495304 0.6362829 0.6946121 0.0453083 0.0058433 0.0430863 0.0651805 0.0403880 0.0500419 0.0643332 0.4578272 0.5512520 0.0402168 0.5115547 0.0511858 0.0582093 0.0601369 0.0476991 0.4469705 0.0498770 0.1092254 0.1247888 0.0203420 0.0444553 0.0577794 0.0432810 0.0463983 0.0538387 0.7203099 0.7759465 0.0705697 0.0368626 0.0516465 0.6208665 0.0443883 0.4661965 0.0259648 
ACHA046-20_HLS20536_Auriculella_gagneorum        0.4801745 0.5783525 0.8818973 0.2374232 0.4692861 0.4903962 0.5579160 0.4977491 0.6165077 0.6946121 0.0000000 0.0047572 8.9999988 0.7602239 0.5199880 0.7971045 0.7045422 0.9715492 8.9999990 0.0097170 0.2651624 0.6946121 0.4680913 0.8822741 0.1915209 0.6364193 0.1222173 0.2533981 0.4957665 0.4683498 0.6068126 0.1429895 0.7121297 0.7541517 0.6052626 0.9038944 0.4985593 0.2535919 0.1568913 0.7305067 0.5331712 0.8170098 0.4894918 0.6900949 0.7347423 8.9999985 0.6905557 0.0097210 0.9483521 0.7941837 1.1585766 0.6335687 0.8694604 0.6653242 
ACHA011-20_HLS20137_Auriculella_gagneorum        0.4594915 0.0515406 0.0840793 0.0331995 0.0597661 0.0618088 0.5338358 0.4762998 0.0722200 0.0479904 0.0047572 0.0000000 0.6486683 0.7290127 0.0645405 0.0811552 0.0770478 0.0711173 0.5517245 0.0047572 0.0377696 0.0467318 0.0598083 0.0841282 0.0277471 0.1124794 0.0243228 0.2419576 0.4820289 0.0494577 0.5818230 0.0227985 0.0800137 0.0827180 0.0668829 0.8710091 0.0564075 0.0783077 0.0520651 0.7003206 0.0524049 0.0796596 0.0618848 0.0492386 0.0721377 0.6344795 0.6710162 0.0012694 0.0627682 0.0576656 1.1114693 0.0665411 0.8371467 0.6369608 
ACHA001-20_HLS20486_Tornatellaria_sp             8.9999988 0.6488424 0.4539635 0.6524449 0.4590938 0.4654047 8.9999988 8.9999980 0.4307025 0.6615552 8.9999988 0.6486683 0.0000000 8.9999988 0.4739490 0.4705518 0.4317611 0.3879746 0.2143925 8.9999983 0.6357427 0.6486215 0.4702927 0.4540400 0.6411818 8.9999989 0.4404939 8.9999986 8.9999988 0.6240879 8.9999987 0.7075959 0.4551696 0.4611979 0.4568367 8.9999988 0.6412680 8.9999983 8.9999982 8.9999989 0.5988688 0.4638402 0.4567965 0.6676691 0.4199811 0.2290259 8.9999983 0.4325956 0.7135971 0.7325963 8.9999987 0.4352645 8.9999981 8.9999989 
ACHA044-20_HLS20879_Auriculella_ambusta          0.6252562 0.6310564 0.6248455 0.5825736 0.6964532 0.7261834 0.0352961 0.6673766 0.5280355 0.2333190 0.7602239 0.7290127 8.9999988 0.0000000 0.6387908 0.1613654 0.4122914 0.4916552 8.9999983 0.7602239 0.6691069 0.1970046 0.3436671 0.5731122 0.5455012 0.0289015 0.5316002 0.6412067 0.5917410 0.2373310 0.6378693 0.6240937 0.5273297 0.5500418 0.2763488 0.4494952 0.3285326 0.6415945 0.6070187 0.2381609 0.3331150 0.5744565 0.2259846 0.6898829 0.5035334 8.9999983 0.8349508 0.7616166 0.1549173 0.5909325 0.6209488 0.2940543 0.4687895 0.1860960 
ACHA030-20_HLS20153_Auriculella_turritella       0.0257484 0.0648180 0.0751740 0.0508605 0.0078372 0.0091965 0.4991932 0.0047452 0.0669807 0.0635091 0.5199880 0.0645405 0.4739490 0.6387908 0.0000000 0.0675010 0.0611304 0.0602447 0.4350206 0.5199880 0.0581612 0.0593320 0.0642844 0.0751735 0.0463933 0.4774070 0.0576696 0.3763123 0.5414720 0.0643222 0.0314444 0.0579257 0.0669744 0.0689982 0.0665637 0.7832034 0.0689648 0.3765127 0.6700323 0.5258050 0.0621734 0.0702206 0.0622378 0.0539078 0.0561857 0.5151462 0.6763717 0.0625317 0.0722001 0.0774019 0.7196925 0.0619796 0.8131276 0.4481080 
ACHA036-20_HLS20183_Auriculella_ambusta          0.4987831 0.0709556 0.0778149 0.0725689 0.0682964 0.0704261 0.1425603 0.5816981 0.0687646 0.0463411 0.7971045 0.0811552 0.4705518 0.1613654 0.0675010 0.0000000 0.0580388 0.0657805 0.4624007 0.7971045 0.0777246 0.0397509 0.0578665 0.0735124 0.0675932 0.1177401 0.0762362 0.6777715 0.5960551 0.0542241 0.5091110 0.0811950 0.0687179 0.0707432 0.0567696 0.5633084 0.0584410 0.6238804 0.8191582 0.2888506 0.0531422 0.0735621 0.0523168 0.0666690 0.0661813 0.5318783 0.9063533 0.0789547 0.0051617 0.0743882 0.6884992 0.0570161 0.5858201 0.2515622 
ACHA028-20_HLS20149_Auriculella_uniplicata       0.4551084 0.0622881 0.0207614 0.0655536 0.0653854 0.0674992 0.3524919 0.5449635 0.0260298 0.0590682 0.7045422 0.0770478 0.4317611 0.4122914 0.0611304 0.0580388 0.0000000 0.0621693 0.4473674 0.7045422 0.0703771 0.0557123 0.0558893 0.0207620 0.0566110 0.3064312 0.0646654 0.5716689 0.5822052 0.0519510 0.5202177 0.0693214 0.0292384 0.0276010 0.0586218 0.8531607 0.0595750 0.5720130 0.8509150 0.4882161 0.0539296 0.0178001 0.0539243 0.0629729 0.0626476 0.5278015 0.7452822 0.0749114 0.0633113 0.0725767 1.0455214 0.0588952 0.8836116 0.3970914 
ACHA038-20_HLS21113_Auriculella_malleata         0.7094643 0.0255749 0.0634186 0.0761542 0.0560821 0.0582088 0.3405971 0.6743292 0.0711535 0.0495304 0.9715492 0.0711173 0.3879746 0.4916552 0.0602447 0.0657805 0.0621693 0.0000000 0.4986252 0.9898915 0.0752501 0.0502848 0.0523061 0.0678404 0.0655771 0.3792033 0.0612215 0.8796786 0.1072479 0.0461034 0.7089755 0.0615357 0.0667840 0.0688695 0.0494716 1.2737554 0.0584799 0.8801285 0.8010880 0.5377379 0.0536625 0.0678893 0.0458595 0.0180563 0.0040066 0.5739200 0.1413301 0.0734334 0.0652898 0.0639127 1.8144896 0.0496698 1.2737554 0.4705272 
ACHA002-20_HLS20002_Tornatellides_sp             8.9999983 0.5799409 0.4753383 0.5561568 0.4212518 0.4271259 8.9999985 8.9999990 0.4387442 0.6362829 8.9999990 0.5517245 0.2143925 8.9999983 0.4350206 0.4624007 0.4473674 0.4986252 0.0000000 8.9999990 0.5332719 0.6328935 0.5109637 0.4754191 0.5366034 7.1546853 0.4533789 8.9999988 8.9999984 0.5856289 8.9999981 0.5992296 0.4764199 0.4696784 0.5026474 8.9999983 0.6258311 5.5213704 6.8559111 8.9999987 0.5928625 0.4657986 0.5025973 0.6166625 0.4817206 0.0479851 8.9999983 0.4220011 0.6199205 0.6366896 8.9999986 0.4829268 8.9999984 8.9999984 
ACHA050-20_HLS20539_Auriculella_gagneorum        0.4801745 0.5884625 0.8818973 0.2374232 0.4692861 0.4903962 0.5579160 0.4977491 0.6165077 0.6946121 0.0097170 0.0047572 8.9999983 0.7602239 0.5199880 0.7971045 0.7045422 0.9898915 8.9999990 0.0000000 0.2651624 0.6946121 0.4680913 0.8822741 0.1915209 0.6364193 0.1222173 0.2533981 0.5042780 0.5118104 0.6068126 0.1429895 0.7121297 0.7541517 0.6052626 0.9038944 0.4985593 0.2535919 0.1750075 0.7305067 0.5331712 0.8170098 0.4894918 0.7035176 0.7474990 8.9999984 0.7039829 0.0097210 0.9483521 0.7941837 1.1585766 0.6335687 0.8694604 0.6653242 
ACHA010-20_HLS20134_Auriculella_tenella          0.3636988 0.0700448 0.0812871 0.0238360 0.0574521 0.0594634 0.5854557 0.4118141 0.0699292 0.0453083 0.2651624 0.0377696 0.6357427 0.6691069 0.0581612 0.0777246 0.0703771 0.0752501 0.5332719 0.2651624 0.0000000 0.0440546 0.0574570 0.0812866 0.0232410 0.1194735 0.0429972 0.0047754 0.6739414 0.0497683 0.4622511 0.0361254 0.0741731 0.0762328 0.0688275 0.8498376 0.0582275 0.0015455 0.0777103 0.5540244 0.0572050 0.0725008 0.0636613 0.0625621 0.0739314 0.6179994 0.8751108 0.0478412 0.0637597 0.0600480 1.1980254 0.0685124 0.8809250 0.5017099 
ACHA005-20_HLS20091_Auriculella_perpusilla       0.4580091 0.0502792 0.0616924 0.0473532 0.0643215 0.0664259 0.1717656 0.4481080 0.0573998 0.0058433 0.6946121 0.0467318 0.6486215 0.1970046 0.0593320 0.0397509 0.0557123 0.0502848 0.6328935 0.6946121 0.0440546 0.0000000 0.0476351 0.0576504 0.0403124 0.0399005 0.0615925 0.5017099 0.5664775 0.0419478 0.5115547 0.0484508 0.0613992 0.0633674 0.0524755 0.4793294 0.0516820 0.1060152 0.1215591 0.0317750 0.0462192 0.0569455 0.0479417 0.0456119 0.0545440 0.7037170 0.7996586 0.0705697 0.0319173 0.0534005 0.5654243 0.0482779 0.4996651 0.0047847 
ACHA033-20_HLS20459_Auriculella_crassula         0.4653229 0.0555671 0.0618604 0.0491274 0.0569407 0.0589558 0.2764111 0.4981658 0.0623050 0.0430863 0.4680913 0.0598083 0.4702927 0.3436671 0.0642844 0.0578665 0.0558893 0.0523061 0.5109637 0.4680913 0.0574570 0.0476351 0.0000000 0.0659991 0.0440028 0.2893791 0.0485734 0.4083392 0.3820385 0.0236673 0.5679635 0.0526257 0.0582914 0.0602145 0.0263678 0.5728013 0.0373991 0.4085588 0.5551142 0.3266498 0.0364020 0.0619387 0.0199084 0.0513401 0.0511485 0.5931623 0.4668953 0.0618544 0.0621663 0.0134165 0.6437015 0.0264234 0.5962018 0.3120291 
ACHA031-20_HLS20126_Auriculella_uniplicata       0.6655883 0.0720096 0.0025513 0.0725922 0.0797123 0.0819539 0.4482935 0.6648006 0.0278225 0.0651805 0.8822741 0.0841282 0.4540400 0.5731122 0.0751735 0.0735124 0.0207620 0.0678404 0.4754191 0.8822741 0.0812866 0.0576504 0.0659991 0.0000000 0.0665980 0.4286910 0.0666319 0.7090724 0.7076826 0.0619329 0.6921786 0.0713465 0.0413704 0.0395839 0.0690755 0.8950994 0.0743819 0.7094755 0.8866115 0.5089469 0.0681368 0.0051638 0.0639930 0.0731640 0.0681570 0.5350797 0.9147154 0.0818872 0.0783240 0.0791313 1.0854957 0.0694575 0.9261395 0.4146179 
ACHA009-20_HLS20647_Auriculella_tenella          0.2995408 0.0563026 0.0624776 0.0124860 0.0455804 0.0474370 0.4349485 0.3094197 0.0644349 0.0403880 0.1915209 0.0277471 0.6411818 0.5455012 0.0463933 0.0675932 0.0566110 0.0655771 0.5366034 0.1915209 0.0232410 0.0403124 0.0440028 0.0665980 0.0000000 0.0953661 0.0307405 0.1433061 0.4852636 0.0390126 0.3507775 0.0262786 0.0685505 0.0705544 0.0463786 0.8331819 0.0478983 0.0468445 0.0683884 0.4378078 0.0422451 0.0625560 0.0421601 0.0490554 0.0639131 0.6137962 0.5815888 0.0384495 0.0542129 0.0470897 0.8699384 0.0465479 0.8641303 0.4544340 
ACHA018-20_HLS20747_Auriculella_ambusta          0.4666607 0.1104705 0.4685957 0.1056740 0.5344687 0.5583297 0.0259429 0.4994789 0.4049994 0.0500419 0.6364193 0.1124794 8.9999989 0.0289015 0.4774070 0.1177401 0.3064312 0.3792033 7.1546853 0.6364193 0.1194735 0.0399005 0.2893791 0.4286910 0.0953661 0.0000000 0.4434297 0.5369116 0.4524943 0.0787834 0.4767884 0.1082811 0.4045176 0.4223909 0.2551851 0.4133617 0.1011251 0.1164929 0.1071178 0.2012112 0.0960322 0.4296523 0.2107871 0.1058162 0.3831401 8.9999990 0.6221268 0.6375317 0.0443380 0.1243353 0.5112078 0.2704568 0.4310063 0.1529050 
ACHA029-20_HLS20186_Auriculella_gagneorum        0.3776760 0.0585611 0.0665921 0.0367495 0.0530857 0.0550163 0.4234817 0.3911184 0.0685379 0.0643332 0.1222173 0.0243228 0.4404939 0.5316002 0.0576696 0.0762362 0.0646654 0.0612215 0.4533789 0.1222173 0.0429972 0.0615925 0.0485734 0.0666319 0.0307405 0.4434297 0.0000000 0.2133759 0.4554317 0.0524099 0.4022634 0.0025569 0.0762828 0.0790041 0.0549620 0.8795765 0.0647518 0.2135829 0.0661662 0.5874634 0.0544017 0.0666781 0.0504801 0.0541988 0.0588859 0.5388217 0.5689028 0.0258964 0.0811665 0.0684316 0.9480161 0.0551985 0.9113029 0.5321941 
ACHA042-20_HLS20524_Auriculella_tenella          0.3477827 0.7510032 0.7084291 0.1485407 0.3714062 0.3883653 0.5608239 0.3938447 0.5429705 0.4578272 0.2533981 0.2419576 8.9999986 0.6412067 0.3763123 0.6777715 0.5716689 0.8796786 8.9999988 0.2533981 0.0047754 0.5017099 0.4083392 0.7090724 0.1433061 0.5369116 0.2133759 0.0000000 0.6456003 0.4479455 0.4424781 0.2246882 0.5916620 0.6167555 0.5808674 0.8188708 0.4771831 0.0097583 0.2466336 0.5301311 0.5216370 0.5991358 0.4684673 0.7608567 0.6458610 8.9999981 0.8364857 0.2536988 0.7680971 0.7063183 1.1520942 0.6083543 0.8494677 0.4796164 
ACHA047-20_HLS20723_Auriculella_malleata         0.5181666 0.0447258 0.6499372 0.6985707 0.4953834 0.5184767 0.4324182 0.5175475 0.6446129 0.5512520 0.4957665 0.4820289 8.9999988 0.5917410 0.5414720 0.5960551 0.5822052 0.1072479 8.9999984 0.5042780 0.6739414 0.5664775 0.3820385 0.7076826 0.4852636 0.4524943 0.4554317 0.6456003 0.0000000 0.3248612 0.5815148 0.4880252 0.6434994 0.6701481 0.3884568 1.1342334 0.3279013 0.6459944 0.6336552 0.6078727 0.3277155 0.6518476 0.3228203 0.0293896 0.0736559 8.9999987 0.0293917 0.5051681 0.6783200 0.5353456 1.4638065 0.4150386 1.0955895 0.5418939 
ACHA004-20_HLS20609_Auriculella_crassula         0.4655835 0.0494955 0.0578588 0.0482039 0.0569750 0.0589904 0.1907367 0.5448440 0.0623408 0.0402168 0.4683498 0.0494577 0.6240879 0.2373310 0.0643222 0.0542241 0.0519510 0.0461034 0.5856289 0.5118104 0.0497683 0.0419478 0.0236673 0.0619329 0.0390126 0.0787834 0.0524099 0.4479455 0.3248612 0.0000000 0.5203235 0.0495203 0.0623350 0.0642896 0.0092587 0.3826548 0.0314140 0.1142114 0.1268324 0.3439949 0.0287803 0.0619750 0.0038583 0.0461118 0.0481031 0.6133327 0.3855674 0.0660315 0.0523096 0.0318085 0.5849345 0.0092690 0.3994561 0.3290941 
ACHA051-20_HLS20461_Auriculella_turritella       0.0374166 0.6782619 0.6915479 0.3719264 0.0436691 0.0500227 0.4985348 0.0374139 0.6056353 0.5115547 0.6068126 0.5818230 8.9999987 0.6378693 0.0314444 0.5091110 0.5202177 0.7089755 8.9999981 0.6068126 0.4622511 0.5115547 0.5679635 0.6921786 0.3507775 0.4767884 0.4022634 0.4424781 0.5815148 0.5203235 0.0000000 0.4303254 0.6045937 0.6299712 0.6039564 0.7821643 0.6063450 0.4427135 0.6580731 0.5251009 0.5461313 0.6226630 0.4974191 0.5992176 0.5316196 8.9999982 0.7296229 0.5579266 0.5906753 0.8112868 0.7873047 0.5152926 0.8120701 0.4895154 
ACHA015-20_HLS20185_Auriculella_gagneorum        0.4038321 0.0589654 0.0713040 0.0311351 0.0533048 0.0552516 0.4972724 0.4185777 0.0731494 0.0511858 0.1429895 0.0227985 0.7075959 0.6240937 0.0579257 0.0811950 0.0693214 0.0615357 0.5992296 0.1429895 0.0361254 0.0484508 0.0526257 0.0713465 0.0262786 0.1082811 0.0025569 0.2246882 0.4880252 0.0495203 0.4303254 0.0000000 0.0811420 0.0839111 0.0592622 1.0089018 0.0618206 0.0743984 0.0239237 0.6884912 0.0524834 0.0713960 0.0545851 0.0513338 0.0591699 0.6801691 0.6156250 0.0291566 0.0666021 0.0551584 1.1267176 0.0595385 1.0432365 0.6252618 
ACHA034-20_HLS20130_Auriculella_uniplicata       0.5320323 0.0695664 0.0413701 0.0612432 0.0670984 0.0692060 0.4229007 0.5800768 0.0105702 0.0582093 0.7121297 0.0800137 0.4551696 0.5273297 0.0669744 0.0687179 0.0292384 0.0667840 0.4764199 0.7121297 0.0741731 0.0613992 0.0582914 0.0413704 0.0685505 0.4045176 0.0762828 0.5916620 0.6434994 0.0623350 0.6045937 0.0811420 0.0000000 0.0064872 0.0693696 0.9073388 0.0661012 0.5920167 0.9256401 0.4768523 0.0524742 0.0344877 0.0643634 0.0705666 0.0658132 0.5630066 0.8253636 0.0779102 0.0740996 0.0748831 1.0891520 0.0690751 0.9377768 0.4250796 
ACHA037-20_HLS20131_Auriculella_uniplicata       0.5551021 0.0715745 0.0395835 0.0631901 0.0691256 0.0712481 0.4414850 0.6047157 0.0091899 0.0601369 0.7541517 0.0827180 0.4611979 0.5500418 0.0689982 0.0707432 0.0276010 0.0688695 0.4696784 0.7541517 0.0762328 0.0633674 0.0602145 0.0395839 0.0705544 0.4223909 0.0790041 0.6167555 0.6701481 0.0642896 0.6299712 0.0839111 0.0064872 0.0000000 0.0714086 0.9374682 0.0639799 0.6171243 0.9775982 0.4973079 0.0582579 0.0327744 0.0663311 0.0726678 0.0678122 0.5551247 0.8609464 0.0806094 0.0761600 0.0769705 1.1302610 0.0711484 0.9682684 0.4437136 
ACHA023-20_HLS20607_Auriculella_crassula         0.5407997 0.0566872 0.0648074 0.0598603 0.0589424 0.0610286 0.2201465 0.6323362 0.0693762 0.0476991 0.6052626 0.0668829 0.4568367 0.2763488 0.0665637 0.0567696 0.0586218 0.0494716 0.5026474 0.6052626 0.0688275 0.0524755 0.0263678 0.0690755 0.0463786 0.2551851 0.0549620 0.5808674 0.3884568 0.0092587 0.6039564 0.0592622 0.0693696 0.0714086 0.0000000 0.4498250 0.0328832 0.5812237 0.7173260 0.4047310 0.0287566 0.0691231 0.0051963 0.0516209 0.0514536 0.5522607 0.4290808 0.0690278 0.0610112 0.0354453 0.5569911 0.0025596 0.4697549 0.3870511 
ACHA052-20_HLS20232_Auriculella_perversa         0.7690513 1.1901822 0.9586485 0.8731012 0.7396272 0.7101292 0.3960055 0.7534552 0.8472316 0.4469705 0.9038944 0.8710091 8.9999988 0.4494952 0.7832034 0.5633084 0.8531607 1.2737554 8.9999983 0.9038944 0.8498376 0.4793294 0.5728013 0.8950994 0.8331819 0.4133617 0.8795765 0.8188708 1.1342334 0.3826548 0.7821643 1.0089018 0.9073388 0.9374682 0.4498250 0.0000000 0.6889821 0.8192520 0.9108570 0.4789952 0.7445906 0.8969491 0.3996607 1.3845847 1.0598791 8.9999984 1.3845346 0.9055092 0.6856776 0.7858756 0.7615347 0.5133364 0.0047255 0.4594614 
ACHA006-20_HLS20597_Auriculella_crassula         0.4876001 0.0561961 0.0700352 0.0552520 0.0648210 0.0669452 0.2641536 0.5326615 0.0661464 0.0498770 0.4985593 0.0564075 0.6412680 0.3285326 0.0689648 0.0584410 0.0595750 0.0584799 0.6258311 0.4985593 0.0582275 0.0516820 0.0373991 0.0743819 0.0478983 0.1011251 0.0647518 0.4771831 0.3279013 0.0314140 0.6063450 0.0618206 0.0661012 0.0639799 0.0328832 0.6889821 0.0000000 0.1282878 0.1593578 0.4295676 0.0140691 0.0701247 0.0293196 0.0516062 0.0579207 0.6635455 0.3914681 0.0664936 0.0600265 0.0401572 0.7079320 0.0329661 0.7160195 0.4177843 
ACHA019-20_HLS20347_Auriculella_tenella          0.3479727 0.1700058 0.7088321 0.0475699 0.3716033 0.3885691 0.5611557 0.3940524 0.5432918 0.1092254 0.2535919 0.0783077 8.9999983 0.6415945 0.3765127 0.6238804 0.5720130 0.8801285 5.5213704 0.2535919 0.0015455 0.1060152 0.4085588 0.7094755 0.0468445 0.1164929 0.2135829 0.0097583 0.6459944 0.1142114 0.4427135 0.0743984 0.5920167 0.6171243 0.5812237 0.8192520 0.1282878 0.0000000 0.0751461 0.5798308 0.1350038 0.5994972 0.4687284 0.1568598 0.6462552 8.6066617 0.8369472 0.2538928 0.1473011 0.1433967 1.1523109 0.6087327 0.8498376 0.5256025 
ACHA017-20_HLS20878_Auriculella_gagneorum        0.6201874 0.1573146 0.8862255 0.0797788 0.6069326 0.6331560 0.4849261 0.6426844 0.8080073 0.1247888 0.1568913 0.0520651 8.9999982 0.6070187 0.6700323 0.8191582 0.8509150 0.8010880 6.8559111 0.1750075 0.0777103 0.1215591 0.5551142 0.8866115 0.0683884 0.1071178 0.0661662 0.2466336 0.6336552 0.1268324 0.6580731 0.0239237 0.9256401 0.9775982 0.7173260 0.9108570 0.1593578 0.0751461 0.0000000 0.7116686 0.1514134 0.8193111 0.5802675 0.1484489 0.5803145 8.9999987 0.8194660 0.1751332 0.1671497 0.1603230 1.1420489 0.7517878 0.9429881 0.6484638 
ACHA040-20_HLS21703_Auriculella_perpusilla       0.4925187 0.6484026 0.5546878 0.5625680 0.5153124 0.5382865 0.2111991 0.5032325 0.4373663 0.0203420 0.7305067 0.7003206 8.9999989 0.2381609 0.5258050 0.2888506 0.4882161 0.5377379 8.9999987 0.7305067 0.5540244 0.0317750 0.3266498 0.5089469 0.4378078 0.2012112 0.5874634 0.5301311 0.6078727 0.3439949 0.5251009 0.6884912 0.4768523 0.4973079 0.4047310 0.4789952 0.4295676 0.5798308 0.7116686 0.0000000 0.4363293 0.4986457 0.3287049 0.6778811 0.5175986 8.9999985 0.8221974 0.7318292 0.2739560 0.5565506 0.5928116 0.3459365 0.4993109 0.0259572 
ACHA003-20_HLS20637_Auriculella_crassula         0.4792085 0.0501818 0.0639620 0.0444584 0.0581729 0.0602188 0.2673394 0.5234343 0.0563540 0.0444553 0.5331712 0.0524049 0.5988688 0.3331150 0.0621734 0.0531422 0.0539296 0.0536625 0.5928625 0.5331712 0.0572050 0.0462192 0.0364020 0.0681368 0.0422451 0.0960322 0.0544017 0.5216370 0.3277155 0.0287803 0.5461313 0.0524834 0.0524742 0.0582579 0.0287566 0.7445906 0.0140691 0.1350038 0.1514134 0.4363293 0.0000000 0.0640428 0.0253919 0.0443553 0.0524761 0.6250987 0.3721528 0.0640254 0.0544604 0.0372430 0.7422522 0.0288201 0.7727345 0.4243557 
ACHA035-20_HLS20702_Auriculella_uniplicata       0.5980946 0.0677845 0.0051636 0.0683914 0.0747149 0.0769375 0.4493048 0.5973742 0.0246277 0.0577794 0.8170098 0.0796596 0.4638402 0.5744565 0.0702206 0.0735621 0.0178001 0.0678893 0.4657986 0.8170098 0.0725008 0.0569455 0.0619387 0.0051638 0.0625560 0.4296523 0.0666781 0.5991358 0.6518476 0.0619750 0.6226630 0.0713960 0.0344877 0.0327744 0.0691231 0.8969491 0.0701247 0.5994972 0.8193111 0.4986457 0.0640428 0.0000000 0.0640364 0.0687344 0.0682044 0.5388366 0.8396041 0.0774456 0.0783770 0.0791854 1.1506976 0.0688189 0.9280254 0.4062534 
ACHA024-20_HLS20454_Auriculella_crassula         0.4446828 0.0521701 0.0598842 0.0550805 0.0549725 0.0569695 0.1809611 0.5210242 0.0643693 0.0432810 0.4894918 0.0618848 0.4567965 0.2259846 0.0622378 0.0523168 0.0539243 0.0458595 0.5025973 0.4894918 0.0636613 0.0479417 0.0199084 0.0639930 0.0421601 0.2107871 0.0504801 0.4684673 0.3228203 0.0038583 0.4974191 0.0545851 0.0643634 0.0663311 0.0051963 0.3996607 0.0293196 0.4687284 0.5802675 0.3287049 0.0253919 0.0640364 0.0000000 0.0479512 0.0478157 0.5374041 0.3840500 0.0639494 0.0563827 0.0293520 0.5567651 0.0052012 0.4171529 0.3143341 
ACHA014-20_HLS20730_Auriculella_malleata         0.5264933 0.0069280 0.0686427 0.0598183 0.0479918 0.0499740 0.4845581 0.5257804 0.0705734 0.0463983 0.6900949 0.0492386 0.6676691 0.6898829 0.0539078 0.0666690 0.0629729 0.0180563 0.6166625 0.7035176 0.0625621 0.0456119 0.0513401 0.0731640 0.0490554 0.1058162 0.0541988 0.7608567 0.0293896 0.0461118 0.5992176 0.0513338 0.0705666 0.0726678 0.0516209 1.3845847 0.0516062 0.1568598 0.1484489 0.6778811 0.0443553 0.0687344 0.0479512 0.0000000 0.0153590 0.7041653 0.0361594 0.0652057 0.0571799 0.0540176 1.3019599 0.0518344 1.3348291 0.6259079 
ACHA021-20_HLS21114_Auriculella_malleata         0.4726677 0.0223753 0.0638653 0.0740897 0.0523025 0.0542832 0.3655680 0.4721222 0.0699980 0.0538387 0.7347423 0.0721377 0.4199811 0.5035334 0.0561857 0.0661813 0.0626476 0.0040066 0.4817206 0.7474990 0.0739314 0.0545440 0.0511485 0.0681570 0.0639131 0.3831401 0.0588859 0.6458610 0.0736559 0.0481031 0.5316196 0.0591699 0.0658132 0.0678122 0.0514536 1.0598791 0.0579207 0.6462552 0.5803145 0.5175986 0.0524761 0.0682044 0.0478157 0.0153590 0.0000000 0.5668777 0.0941361 0.0743650 0.0708176 0.0623253 1.1422130 0.0516642 1.0957801 0.4596242 
ACHA216-22_PCMB54681_Tornatellides_subperforatus 8.9999984 0.6731644 0.5349840 0.6118723 0.4992182 0.5059643 8.9999983 8.9999983 0.5336703 0.7203099 8.9999985 0.6344795 0.2290259 8.9999983 0.5151462 0.5318783 0.5278015 0.5739200 0.0479851 8.9999984 0.6179994 0.7037170 0.5931623 0.5350797 0.6137962 8.9999990 0.5388217 8.9999981 8.9999987 0.6133327 8.9999982 0.6801691 0.5630066 0.5551247 0.5522607 8.9999984 0.6635455 8.6066617 8.9999987 8.9999985 0.6250987 0.5388366 0.5374041 0.7041653 0.5668777 0.0000000 8.9999988 0.5136219 0.6756286 0.6658493 8.9999990 0.5307402 8.9999985 8.9999985 
ACHA041-20_HLS20731_Auriculella_malleata         0.6450227 0.0589300 0.8369845 0.8647616 0.5844304 0.6143554 0.5923009 0.6441286 0.8270252 0.7759465 0.6905557 0.6710162 8.9999983 0.8349508 0.6763717 0.9063533 0.7452822 0.1413301 8.9999983 0.7039829 0.8751108 0.7996586 0.4668953 0.9147154 0.5815888 0.6221268 0.5689028 0.8364857 0.0293917 0.3855674 0.7296229 0.6156250 0.8253636 0.8609464 0.4290808 1.3845346 0.3914681 0.8369472 0.8194660 0.8221974 0.3721528 0.8396041 0.3840500 0.0361594 0.0941361 8.9999988 0.0000000 0.7054069 1.0361660 0.6431536 1.4103451 0.5120174 1.3348379 0.7628570 
ACHA027-20_HLS20138_Auriculella_gagneorum        0.4398252 0.0652277 0.0818393 0.0454918 0.0577750 0.0598012 0.5588929 0.4558807 0.0701822 0.0705697 0.0097210 0.0012694 0.4325956 0.7616166 0.0625317 0.0789547 0.0749114 0.0734334 0.4220011 0.0097210 0.0478412 0.0705697 0.0618544 0.0818872 0.0384495 0.6375317 0.0258964 0.2536988 0.5051681 0.0660315 0.5579266 0.0291566 0.0779102 0.0806094 0.0690278 0.9055092 0.0664936 0.2538928 0.1751332 0.7318292 0.0640254 0.0774456 0.0639494 0.0652057 0.0743650 0.5136219 0.7054069 0.0000000 0.0873338 0.0790777 1.0654129 0.0687223 0.8710091 0.6665238 
ACHA016-20_HLS20184_Auriculella_ambusta          0.5790744 0.0604156 0.0827301 0.0612375 0.0729888 0.0751748 0.1376684 0.6732465 0.0741491 0.0368626 0.9483521 0.0627682 0.7135971 0.1549173 0.0722001 0.0051617 0.0633113 0.0652898 0.6199205 0.9483521 0.0637597 0.0319173 0.0621663 0.0783240 0.0542129 0.0443380 0.0811665 0.7680971 0.6783200 0.0523096 0.5906753 0.0666021 0.0740996 0.0761600 0.0610112 0.6856776 0.0600265 0.1473011 0.1671497 0.2739560 0.0544604 0.0783770 0.0563827 0.0571799 0.0708176 0.6756286 1.0361660 0.0873338 0.0000000 0.0636501 0.7878392 0.0612979 0.7111139 0.2390296 
ACHA013-20_HLS20458_Auriculella_crassula         0.6741737 0.0598925 0.0746812 0.0517426 0.0693888 0.0715687 0.4751332 0.7184722 0.0792662 0.0516465 0.7941837 0.0576656 0.7325963 0.5909325 0.0774019 0.0743882 0.0725767 0.0639127 0.6366896 0.7941837 0.0600480 0.0534005 0.0134165 0.0791313 0.0470897 0.1243353 0.0684316 0.7063183 0.5353456 0.0318085 0.8112868 0.0551584 0.0748831 0.0769705 0.0354453 0.7858756 0.0401572 0.1433967 0.1603230 0.5565506 0.0372430 0.0791854 0.0293520 0.0540176 0.0623253 0.6658493 0.6431536 0.0790777 0.0636501 0.0000000 0.8883289 0.0355422 0.8144184 0.5334226 
ACHA049-20_HLS21154_Auriculella_montana          0.7036336 1.5935582 1.0852205 1.0032151 0.6406103 0.6718377 0.4868040 0.7540000 1.0904946 0.6208665 1.1585766 1.1114693 8.9999987 0.6209488 0.7196925 0.6884992 1.0455214 1.8144896 8.9999986 1.1585766 1.1980254 0.5654243 0.6437015 1.0854957 0.8699384 0.5112078 0.9480161 1.1520942 1.4638065 0.5849345 0.7873047 1.1267176 1.0891520 1.1302610 0.5569911 0.7615347 0.7079320 1.1523109 1.1420489 0.5928116 0.7422522 1.1506976 0.5567651 1.3019599 1.1422130 8.9999990 1.4103451 1.0654129 0.7878392 0.8883289 0.0000000 0.4674799 0.7933559 0.5393452 
ACHA020-20_HLS20595_Auriculella_crassula         0.4604234 0.0569373 0.0651426 0.0601478 0.0545998 0.0566279 0.2327119 0.5399039 0.0690817 0.0443883 0.6335687 0.0665411 0.4352645 0.2940543 0.0619796 0.0570161 0.0588952 0.0496698 0.4829268 0.6335687 0.0685124 0.0482779 0.0264234 0.0694575 0.0465479 0.2704568 0.0551985 0.6083543 0.4150386 0.0092690 0.5152926 0.0595385 0.0690751 0.0711484 0.0025596 0.5133364 0.0329661 0.6087327 0.7517878 0.3459365 0.0288201 0.0688189 0.0052012 0.0518344 0.0516642 0.5307402 0.5120174 0.0687223 0.0612979 0.0355422 0.4674799 0.0000000 0.5357392 0.3306964 
ACHA053-20_HLS21612_Auriculella_perversa         0.7988097 1.1495016 0.9904492 0.9038145 0.7687641 0.7386193 0.4129468 0.7828130 0.8769246 0.4661965 0.8694604 0.8371467 8.9999981 0.4687895 0.8131276 0.5858201 0.8836116 1.2737554 8.9999984 0.8694604 0.8809250 0.4996651 0.5962018 0.9261395 0.8641303 0.4310063 0.9113029 0.8494677 1.0955895 0.3994561 0.8120701 1.0432365 0.9377768 0.9682684 0.4697549 0.0047255 0.7160195 0.8498376 0.9429881 0.4993109 0.7727345 0.9280254 0.4171529 1.3348291 1.0957801 8.9999985 1.3348379 0.8710091 0.7111139 0.8144184 0.7933559 0.5357392 0.0000000 0.4790740 
ACHA039-20_HLS21705_Auriculella_perpusilla       0.4379032 0.5778919 0.4532779 0.5335854 0.5018393 0.5244147 0.1622102 0.4284447 0.3892276 0.0259648 0.6653242 0.6369608 8.9999989 0.1860960 0.4481080 0.2515622 0.3970914 0.4705272 8.9999984 0.6653242 0.5017099 0.0047847 0.3120291 0.4146179 0.4544340 0.1529050 0.5321941 0.4796164 0.5418939 0.3290941 0.4895154 0.6252618 0.4250796 0.4437136 0.3870511 0.4594614 0.4177843 0.5256025 0.6484638 0.0259572 0.4243557 0.4062534 0.3143341 0.6259079 0.4596242 8.9999985 0.7628570 0.6665238 0.2390296 0.5334226 0.5393452 0.3306964 0.4790740 0.0000000 
