54
ACHA048-20_HLS20198_Auriculella_turritella       0.0000000 0.3299898 0.4989066 0.4975253 0.5966498 0.5439245 0.6312218 0.5393154 0.6398728 0.5213435 0.5226578 0.5437780 0.0315280 0.0047442 0.6624335 0.0437741 0.4967056 0.3938683 0.7512861 0.4176970 0.5313940 0.7500529 0.7790665 8.9999990 0.5794268 0.5247503 0.4115066 0.3091062 0.4713731 0.5807779 0.7166255 0.0374169 0.6630376 0.5027925 0.5164691 0.3903669 0.4900592 0.4552198 8.9999988 8.9999990 0.6662256 0.4287392 0.0375880 0.6032951 0.6420298 0.6028064 0.6728032 0.3936601 0.5201823 0.4482940 0.5784334 0.4754594 0.6716607 0.4967056 
ACHA012-20_HLS20649_Auriculella_tenella          0.3299898 0.0000000 0.1058373 0.0492517 0.0684916 0.0656909 0.0599857 0.0602671 0.0798111 0.4660830 0.0445044 0.0482966 0.3201130 0.0508863 0.0684046 0.0520472 0.2374224 0.0476023 0.9991286 0.0311496 0.0553236 0.8675376 0.8978874 0.6528759 0.0572791 0.0599151 0.0238504 0.0125064 0.0741420 0.0727246 0.0518571 0.3718857 0.0726954 0.5618549 0.6956319 0.0367530 0.0476613 0.0454938 0.6129156 0.5568543 0.5822194 0.5329656 0.0501381 0.0672558 0.8605302 0.0632132 0.0761672 0.1487231 0.0552103 0.0474242 0.0612657 0.0332165 0.0613507 0.2374224 
ACHA018-20_HLS20747_Auriculella_ambusta          0.4989066 0.1058373 0.0000000 0.2898051 0.4295377 0.3070586 0.2554636 0.2707068 0.1072002 0.0259431 0.0961765 0.0789471 0.4660603 0.4770106 0.4681864 0.5568859 0.6348294 0.1167105 0.5104466 0.1083497 0.1013307 0.4125913 0.4300314 8.9999988 0.4049860 0.1060957 0.1196924 0.0955145 0.3833627 0.1179185 0.1246086 0.4763950 0.4285818 0.2015616 0.4527066 0.4429554 0.0501583 0.6359345 8.9999989 7.1504371 0.0289826 0.1532105 0.5332672 0.1107324 0.6214288 0.4222538 0.3789238 0.5364342 0.2111362 0.0399654 0.4045051 0.1126212 0.0443814 0.6348294 
ACHA033-20_HLS20459_Auriculella_crassula         0.4975253 0.0492517 0.2898051 0.0000000 0.0620359 0.0559820 0.0263880 0.0264410 0.5536402 0.2768530 0.0364257 0.0237163 0.4646563 0.0643736 0.0619574 0.0590063 0.4676102 0.4088903 0.6418583 0.0526786 0.0374509 0.5707148 0.5937980 0.4702711 0.0623692 0.0513634 0.0575860 0.0440906 0.0511986 0.0580094 0.0134165 0.5666665 0.0660990 0.3270510 0.3815710 0.0486299 0.0432063 0.0619512 0.5940099 0.5113265 0.3444691 0.3124590 0.0569914 0.0555872 0.4658190 0.0602765 0.0523211 0.4086700 0.0199288 0.0477230 0.0583526 0.0599037 0.0623094 0.4676102 
ACHA035-20_HLS20702_Auriculella_uniplicata       0.5966498 0.0684916 0.4295377 0.0620359 0.0000000 0.0178011 0.0692149 0.0689474 0.8165369 0.4490493 0.0641416 0.0620724 0.5973596 0.0703587 0.0051641 0.0770818 0.8142956 0.5987508 1.1456964 0.0714848 0.0702644 0.8917522 0.9224707 0.4638750 0.0246485 0.0688730 0.0726412 0.0626172 0.0683390 0.0737112 0.0793262 0.6217009 0.0051643 0.4988017 0.6505009 0.0667717 0.0578762 0.0775818 0.5397046 0.4662337 0.5739076 0.4066646 0.0748572 0.0679242 0.8370615 0.0327996 0.0679851 0.5983948 0.0641353 0.0570804 0.0345139 0.0797972 0.0785249 0.8142956 
ACHA028-20_HLS20149_Auriculella_uniplicata       0.5439245 0.0656909 0.3070586 0.0559820 0.0178011 0.0000000 0.0587082 0.0589754 0.8476867 0.3530410 0.0540218 0.0520417 0.4547647 0.0611791 0.0207629 0.0675507 0.7018576 0.5714197 1.0410141 0.0694072 0.0597060 0.8490024 0.8791039 0.4317338 0.0260549 0.0630650 0.0705135 0.0566679 0.0627374 0.0582125 0.0727127 0.5193914 0.0207635 0.4881419 0.5810866 0.0647561 0.0592041 0.0750140 0.5287707 0.4478277 0.4130918 0.3972789 0.0654358 0.0623830 0.7430836 0.0276271 0.0622205 0.5710802 0.0540166 0.0558055 0.0292657 0.0771518 0.0634465 0.7018576 
ACHA023-20_HLS20607_Auriculella_crassula         0.6312218 0.0599857 0.2554636 0.0263880 0.0692149 0.0587082 0.0000000 0.0025596 0.7145936 0.2204298 0.0287558 0.0092587 0.5401224 0.0666845 0.0648969 0.0611082 0.6038210 0.5806738 0.5560446 0.0593090 0.0329084 0.4491859 0.4689278 0.4571759 0.0694325 0.0517157 0.0689558 0.0464616 0.0515751 0.0568772 0.0354983 0.6030968 0.0691673 0.4054318 0.3885287 0.0550136 0.0478939 0.0691192 0.5530254 0.5031991 0.2770078 0.3878066 0.0590212 0.0567427 0.4290622 0.0714656 0.0495209 0.5803221 0.0051962 0.0526369 0.0694260 0.0669732 0.0611180 0.6038210 
ACHA020-20_HLS20595_Auriculella_crassula         0.5393154 0.0602671 0.2707068 0.0264410 0.0689474 0.0589754 0.0025596 0.0000000 0.7495577 0.2329707 0.0288165 0.0092681 0.4601262 0.0621048 0.0652252 0.0567124 0.6325649 0.6086614 0.4671147 0.0595791 0.0329879 0.5125778 0.5347569 0.4355956 0.0691735 0.0519238 0.0686788 0.0466262 0.0517805 0.0571176 0.0355916 0.5149013 0.0695419 0.3467194 0.4150413 0.0552438 0.0445444 0.0688503 0.5314134 0.4833849 0.2947182 0.3315021 0.0546833 0.0569867 0.5115591 0.0712411 0.0497135 0.6082880 0.0052006 0.0484393 0.0691669 0.0666677 0.0613983 0.6325649 
ACHA017-20_HLS20878_Auriculella_gagneorum        0.6398728 0.0798111 0.1072002 0.5536402 0.8165369 0.8476867 0.7145936 0.7495577 0.0000000 0.4841226 0.1514525 0.1268941 0.6184475 0.6668879 0.8827782 0.6309120 0.1751899 0.0752102 1.1378016 0.0239172 0.1593448 0.9047716 0.9365316 8.9999981 0.8033003 0.1487585 0.0777758 0.0684679 0.5797764 0.8151250 0.1605122 0.6555482 0.8831535 0.7106303 0.6326526 0.0661488 0.1249258 0.1753153 8.9999986 6.8407492 0.6063404 0.6470478 0.6049879 0.1575948 0.8174528 0.9709641 0.7988696 0.2467404 0.5785241 0.1216940 0.9200341 0.0520991 0.1673842 0.1570582 
ACHA043-20_HLS21744_Auriculella_ambusta          0.5213435 0.4660830 0.0259431 0.2768530 0.4490493 0.3530410 0.2204298 0.2329707 0.4841226 0.0000000 0.2676016 0.1910735 0.4873163 0.4986232 0.4478024 0.5329571 0.5570869 0.5604569 0.4862863 0.4965513 0.2646345 0.3954168 0.4121780 8.9999988 0.4232714 0.4848990 0.5845213 0.4348009 0.3658472 0.1427671 0.4748956 0.4979688 0.4480446 0.2115543 0.4327399 0.4231396 0.2078719 0.5580575 8.9999983 8.9999985 0.0353844 0.1625242 0.5101591 0.4603817 0.5918709 0.4412021 0.3404806 0.5601294 0.1812909 0.1720895 0.4227621 0.5332153 0.1378967 0.5570869 
ACHA003-20_HLS20637_Auriculella_crassula         0.5226578 0.0445044 0.0961765 0.0364257 0.0641416 0.0540218 0.0287558 0.0288165 0.1514525 0.2676016 0.0000000 0.0287753 0.4788028 0.0622629 0.0640605 0.0603087 0.5319932 0.1351138 0.7400445 0.0525207 0.0140803 0.7404103 0.7681968 0.5992467 0.0564141 0.0444236 0.0572691 0.0422881 0.0525327 0.0532171 0.0372758 0.5451416 0.0682382 0.4372312 0.3275866 0.0544606 0.0446081 0.0641223 0.6259991 0.5934563 0.3337065 0.4249794 0.0582615 0.0502489 0.3717948 0.0583189 0.0536849 0.5208150 0.0253944 0.0463494 0.0525325 0.0524456 0.0545391 0.5319932 
ACHA004-20_HLS20609_Auriculella_crassula         0.5437780 0.0482966 0.0789471 0.0237163 0.0620724 0.0520417 0.0092587 0.0092681 0.1268941 0.1910735 0.0287753 0.0000000 0.4649156 0.0644118 0.0579533 0.0590410 0.5109327 0.1143975 0.5837103 0.0495624 0.0314248 0.3824679 0.3991368 0.6246510 0.0624051 0.0462565 0.0498579 0.0390787 0.0482669 0.0543357 0.0318391 0.5194868 0.0620302 0.3447954 0.3254155 0.0524686 0.0403705 0.0661313 0.6142763 0.5863810 0.2380205 0.3299212 0.0570250 0.0496377 0.3859948 0.0643539 0.0461962 0.4480649 0.0038586 0.0420805 0.0623995 0.0495032 0.0524149 0.4678674 
ACHA045-20_HLS20816_Auriculella_turritella       0.0315280 0.3201130 0.4660603 0.4646563 0.5973596 0.4547647 0.5401224 0.4601262 0.6184475 0.4873163 0.4788028 0.4649156 0.0000000 0.0257479 0.6632056 0.0316519 0.4799539 0.3485212 0.7010189 0.4036375 0.4867513 0.7650640 0.7944672 8.9999988 0.5317946 0.5254564 0.3641930 0.2997138 0.4719162 0.4982937 0.6723751 0.0374198 0.6638102 0.4924837 0.5170825 0.3775610 0.4578579 0.4399038 8.9999988 8.9999983 0.6241166 0.4378817 0.0258559 0.6040443 0.6429078 0.5537198 0.7076084 0.3483299 0.4441709 0.4578579 0.5308796 0.4594315 0.5780523 0.4799539 
ACHA030-20_HLS20153_Auriculella_turritella       0.0047442 0.0508863 0.4770106 0.0643736 0.0703587 0.0611791 0.0666845 0.0621048 0.6668879 0.4986232 0.0622629 0.0644118 0.0257479 0.0000000 0.0752708 0.0091976 0.5187191 0.3764333 0.7173491 0.0579065 0.0690542 0.7794478 0.8090223 0.4742116 0.0670391 0.0539143 0.0582243 0.0463806 0.0561878 0.0676346 0.0775306 0.0314454 0.0752704 0.5251723 0.5401954 0.0576572 0.0636445 0.0625913 0.5156680 0.4350654 0.6378999 0.4482940 0.0078381 0.0648140 0.6739401 0.0690575 0.0602880 0.3762321 0.0623276 0.0594635 0.0670328 0.0646012 0.0723332 0.5187191 
ACHA032-20_HLS20127_Auriculella_uniplicata       0.6624335 0.0684046 0.4681864 0.0619574 0.0051641 0.0207629 0.0648969 0.0652252 0.8827782 0.4478024 0.0640605 0.0579533 0.6632056 0.0752708 0.0000000 0.0775766 0.8785148 0.7070041 1.0803195 0.0713925 0.0701746 0.9527441 0.9841853 0.4539311 0.0311257 0.0687809 0.0814349 0.0625385 0.0639963 0.0779678 0.0748186 0.6895001 0.0025515 0.5540159 0.6486115 0.0666857 0.0653222 0.0819782 0.5359594 0.4758388 0.6238341 0.4531136 0.0753658 0.0678370 0.8344739 0.0396123 0.0635117 0.7066096 0.0599802 0.0617905 0.0413999 0.0842197 0.0828816 0.8785148 
ACHA026-20_HLS20336_Auriculella_turritella       0.0437741 0.0520472 0.5568859 0.0590063 0.0770818 0.0675507 0.0611082 0.0567124 0.6309120 0.5329571 0.0603087 0.0590410 0.0316519 0.0091976 0.0775766 0.0000000 0.4897984 0.3887251 0.6695696 0.0552685 0.0670339 0.7068449 0.7349924 0.4657973 0.0692725 0.0499810 0.0595656 0.0474577 0.0542858 0.0705236 0.0716541 0.0500328 0.0820558 0.5378807 0.5173896 0.0550393 0.0623612 0.0598981 0.5066315 0.4272903 0.7244723 0.5237342 0.0012706 0.0628219 0.6125431 0.0713090 0.0582520 0.3885206 0.0570195 0.0665241 0.0692660 0.0619072 0.0752695 0.4897984 
ACHA050-20_HLS20539_Auriculella_gagneorum        0.4967056 0.2374224 0.6348294 0.4676102 0.8142956 0.7018576 0.6038210 0.6325649 0.1751899 0.5570869 0.5319932 0.5109327 0.4799539 0.5187191 0.8785148 0.4897984 0.0000000 0.2538968 1.1541038 0.1431702 0.4974281 0.8983556 0.8643128 8.9999983 0.6133457 0.7014970 0.2654531 0.1918845 0.7450923 0.7943077 0.7912161 0.6050012 0.8788812 0.7305821 0.5036644 0.1224077 0.6939627 0.0097196 8.9999984 8.9999989 0.7590833 0.6649226 0.4688708 0.5873103 0.7019528 0.7491889 0.9862180 0.2537017 0.4888242 0.6939627 0.7080936 0.0047563 0.9452837 0.0097156 
ACHA019-20_HLS20347_Auriculella_tenella          0.3938683 0.0476023 0.1167105 0.4088903 0.5987508 0.5714197 0.5806738 0.6086614 0.0752102 0.5604569 0.1351138 0.1143975 0.3485212 0.3764333 0.7070041 0.3887251 0.2538968 0.0000000 1.1481430 0.0744662 0.1283946 0.8151836 0.8454163 8.9999982 0.5416175 0.1571034 0.0015452 0.0469124 0.6446523 0.6230012 0.1436434 0.4424972 0.7076426 0.5807831 0.6443942 0.2137777 0.1094868 0.2541967 8.5312021 5.5143872 0.6415532 0.5260499 0.3718452 0.1702389 0.8341085 0.6146185 0.8771125 0.0097568 0.4687139 0.1062740 0.5898000 0.0784354 0.1476534 0.2538968 
ACHA049-20_HLS21154_Auriculella_montana          0.7512861 0.9991286 0.5104466 0.6418583 1.1456964 1.0410141 0.5560446 0.4671147 1.1378016 0.4862863 0.7400445 0.5837103 0.7010189 0.7173491 1.0803195 0.6695696 1.1541038 1.1481430 0.0000000 1.1229492 0.7060645 0.7567669 0.7881793 8.9999983 1.0848130 1.2980930 1.1934295 0.8677043 1.1396486 0.6852096 0.8857209 0.7842240 1.0805815 0.5912336 1.4585077 0.9450667 0.6189551 1.0618107 8.9999989 8.9999984 0.6204537 0.5383811 0.6386784 1.5882601 1.4055141 1.1241787 1.8112590 1.1479419 0.5558203 0.5641684 1.0834847 1.1074446 0.7842090 1.1541038 
ACHA015-20_HLS20185_Auriculella_gagneorum        0.4176970 0.0311496 0.1083497 0.0526786 0.0714848 0.0694072 0.0593090 0.0595791 0.0239172 0.4965513 0.0525207 0.0495624 0.4036375 0.0579065 0.0713925 0.0552685 0.1431702 0.0744662 1.1229492 0.0000000 0.0618572 1.0021959 1.0361549 0.7079360 0.0731209 0.0514469 0.0361573 0.0263083 0.0592441 0.0813375 0.0552454 0.4296897 0.0714352 0.6876939 0.4876766 0.0025569 0.0512728 0.0291858 0.6812358 0.5999731 0.6236212 0.6240263 0.0533212 0.0590751 0.6146568 0.0838841 0.0615329 0.2248506 0.0546391 0.0484893 0.0811543 0.0228137 0.0667009 0.1431702 
ACHA006-20_HLS20597_Auriculella_crassula         0.5313940 0.0553236 0.1013307 0.0374509 0.0702644 0.0597060 0.0329084 0.0329879 0.1593448 0.2646345 0.0140803 0.0314248 0.4867513 0.0690542 0.0701746 0.0670339 0.4974281 0.1283946 0.7060645 0.0618572 0.0000000 0.6855173 0.7122062 0.6417606 0.0662466 0.0516998 0.0583142 0.0479636 0.0580127 0.0585536 0.0402098 0.6042906 0.0745249 0.4308222 0.3277737 0.0648127 0.0500840 0.0665893 0.6645780 0.6264879 0.3293881 0.4187565 0.0649086 0.0562875 0.3909714 0.0640785 0.0585765 0.4767404 0.0293470 0.0518641 0.0662014 0.0564467 0.0601559 0.4974281 
ACHA052-20_HLS20232_Auriculella_perversa         0.7500529 0.8675376 0.4125913 0.5707148 0.8917522 0.8490024 0.4491859 0.5125778 0.9047716 0.3954168 0.7404103 0.3824679 0.7650640 0.7794478 0.9527441 0.7068449 0.8983556 0.8151836 0.7567669 1.0021959 0.6855173 0.0000000 0.0047249 8.9999986 0.8422907 1.3772031 0.8454163 0.8284379 1.0546864 0.5607727 0.7824423 0.7784216 0.8899235 0.4785962 1.1282703 0.8738640 0.4465606 0.8999576 8.9999984 8.9999988 0.4491049 0.4592626 0.7359874 1.1847974 1.3771360 0.9314595 1.2682142 0.8148117 0.3993414 0.4789280 0.9016767 0.8658492 0.6819762 0.8983556 
ACHA053-20_HLS21612_Auriculella_perversa         0.7790665 0.8978874 0.4300314 0.5937980 0.9224707 0.8791039 0.4689278 0.5347569 0.9365316 0.4121780 0.7681968 0.3991368 0.7944672 0.8090223 0.9841853 0.7349924 0.8643128 0.8454163 0.7881793 1.0361549 0.7122062 0.0047249 0.0000000 8.9999987 0.8716280 1.3279525 0.8761477 0.8590237 1.0902159 0.5829468 0.8106448 0.8079778 0.9206059 0.4986896 1.0900260 0.9052201 0.4655870 0.8658492 8.9999985 8.9999984 0.4682005 0.4786748 0.7647747 1.1445221 1.3279450 0.9619034 1.2682142 0.8450557 0.4166796 0.4990411 0.9317597 0.8323752 0.7070590 0.8643128 
ACHA001-20_HLS20486_Tornatellaria_sp             8.9999990 0.6528759 8.9999988 0.4702711 0.4638750 0.4317338 0.4571759 0.4355956 8.9999981 8.9999988 0.5992467 0.6246510 8.9999988 0.4742116 0.4539311 0.4657973 8.9999983 8.9999982 8.9999983 0.7079360 0.6417606 8.9999986 8.9999987 0.0000000 0.4307898 0.6681965 0.6361153 0.6416177 0.4201003 0.4707828 0.7332103 8.9999986 0.4540077 8.9999989 8.9999988 0.4404902 0.6625270 0.4327570 0.2294898 0.2146250 8.9999988 8.9999989 0.4594982 0.6493488 8.9999982 0.4612074 0.3881310 8.9999986 0.4571352 0.6494308 0.4551965 0.6489886 0.7141649 8.9999988 
ACHA025-20_HLS20708_Auriculella_uniplicata       0.5794268 0.0572791 0.4049860 0.0623692 0.0246485 0.0260549 0.0694325 0.0691735 0.8033003 0.4232714 0.0564141 0.0624051 0.5317946 0.0670391 0.0311257 0.0692725 0.6133457 0.5416175 1.0848130 0.0731209 0.0662466 0.8422907 0.8716280 0.4307898 0.0000000 0.0705911 0.0699492 0.0644144 0.0700161 0.0689137 0.0793694 0.6037145 0.0278450 0.4375230 0.6416807 0.0685177 0.0582780 0.0701685 0.5342259 0.4388643 0.5280327 0.3893730 0.0671634 0.0695969 0.8223273 0.0091911 0.0711717 0.5413007 0.0644338 0.0575000 0.0105716 0.0722068 0.0742570 0.6133457 
ACHA014-20_HLS20730_Auriculella_malleata         0.5247503 0.0599151 0.1060957 0.0513634 0.0688730 0.0630650 0.0517157 0.0519238 0.1487585 0.4848990 0.0444236 0.0462565 0.5254564 0.0539143 0.0687809 0.0499810 0.7014970 0.1571034 1.2980930 0.0514469 0.0516998 1.3772031 1.3279525 0.6681965 0.0705911 0.0000000 0.0626820 0.0491486 0.0153596 0.0667662 0.0541164 0.5980736 0.0733059 0.6781712 0.0293900 0.0542889 0.0465368 0.0652955 0.7052717 0.6171931 0.6904192 0.6260126 0.0479990 0.0069280 0.0361618 0.0726860 0.0180770 0.7587866 0.0480147 0.0457246 0.0705843 0.0493292 0.0573062 0.6887767 
ACHA010-20_HLS20134_Auriculella_tenella          0.4115066 0.0238504 0.1196924 0.0575860 0.0726412 0.0705135 0.0689558 0.0686788 0.0777758 0.5845213 0.0572691 0.0498579 0.3641930 0.0582243 0.0814349 0.0595656 0.2654531 0.0015452 1.1934295 0.0361573 0.0583142 0.8454163 0.8761477 0.6361153 0.0699492 0.0626820 0.0000000 0.0232688 0.0740200 0.0779156 0.0601642 0.4618704 0.0814345 0.5551250 0.6720615 0.0430309 0.0454199 0.0479080 0.6189114 0.5338242 0.6688355 0.5022882 0.0575531 0.0701621 0.8718895 0.0762550 0.0753442 0.0047745 0.0637955 0.0441648 0.0741947 0.0378248 0.0639157 0.2654531 
ACHA009-20_HLS20647_Auriculella_tenella          0.3091062 0.0125064 0.0955145 0.0440906 0.0626172 0.0566679 0.0464616 0.0466262 0.0684679 0.4348009 0.0422881 0.0390787 0.2997138 0.0463806 0.0625385 0.0474577 0.1918845 0.0469124 0.8677043 0.0263083 0.0479636 0.8284379 0.8590237 0.6416177 0.0644144 0.0491486 0.0232688 0.0000000 0.0639561 0.0677272 0.0471795 0.3505727 0.0666615 0.4380480 0.4843800 0.0307706 0.0404964 0.0385136 0.6147085 0.5370731 0.5456503 0.4544768 0.0456005 0.0563954 0.5800791 0.0705345 0.0655822 0.1436265 0.0422464 0.0403769 0.0685304 0.0277971 0.0543113 0.1918845 
ACHA021-20_HLS21114_Auriculella_malleata         0.4713731 0.0741420 0.3833627 0.0511986 0.0683390 0.0627374 0.0515751 0.0517805 0.5797764 0.3658472 0.0525327 0.0482669 0.4719162 0.0561878 0.0639963 0.0542858 0.7450923 0.6446523 1.1396486 0.0592441 0.0580127 1.0546864 1.0902159 0.4201003 0.0700161 0.0153596 0.0740200 0.0639561 0.0000000 0.0662759 0.0624186 0.5308419 0.0682916 0.5178170 0.0736420 0.0589675 0.0539559 0.0744452 0.5675661 0.4817950 0.5040804 0.4597697 0.0523053 0.0223756 0.0941263 0.0678296 0.0040068 0.6442651 0.0479059 0.0546221 0.0658302 0.0722172 0.0709096 0.7329980 
ACHA036-20_HLS20183_Auriculella_ambusta          0.5807779 0.0727246 0.1179185 0.0580094 0.0737112 0.0582125 0.0568772 0.0571176 0.8151250 0.1427671 0.0532171 0.0543357 0.4982937 0.0676346 0.0779678 0.0705236 0.7943077 0.6230012 0.6852096 0.0813375 0.0585536 0.5607727 0.5829468 0.4707828 0.0689137 0.0667662 0.0779156 0.0677272 0.0662759 0.0000000 0.0745809 0.5088379 0.0736614 0.2893171 0.5946503 0.0763821 0.0464712 0.0790956 0.5324311 0.4630908 0.1617052 0.2520601 0.0683924 0.0710487 0.9021282 0.0708943 0.0658379 0.6763379 0.0524262 0.0398389 0.0688669 0.0812968 0.0051619 0.7943077 
ACHA013-20_HLS20458_Auriculella_crassula         0.7166255 0.0518571 0.1246086 0.0134165 0.0793262 0.0727127 0.0354983 0.0355916 0.1605122 0.4748956 0.0372758 0.0318391 0.6723751 0.0775306 0.0748186 0.0716541 0.7912161 0.1436434 0.8857209 0.0552454 0.0402098 0.7824423 0.8106448 0.7332103 0.0793694 0.0541164 0.0601642 0.0471795 0.0624186 0.0745809 0.0000000 0.8084770 0.0792720 0.5564394 0.5337565 0.0685297 0.0518111 0.0792180 0.6669166 0.6376031 0.5907813 0.5335021 0.0694732 0.0599901 0.6405525 0.0770720 0.0639700 0.7051075 0.0293767 0.0535412 0.0749835 0.0577574 0.0638037 0.7912161 
ACHA051-20_HLS20461_Auriculella_turritella       0.0374169 0.3718857 0.4763950 0.5666665 0.6217009 0.5193914 0.6030968 0.5149013 0.6555482 0.4979688 0.5451416 0.5194868 0.0374198 0.0314454 0.6895001 0.0500328 0.6050012 0.4424972 0.7842240 0.4296897 0.6042906 0.7784216 0.8079778 8.9999986 0.6037145 0.5980736 0.4618704 0.3505727 0.5308419 0.5088379 0.8084770 0.0000000 0.6901258 0.5244731 0.5803228 0.4017428 0.5112907 0.5566599 8.9999987 8.9999981 0.6369865 0.4894233 0.0436753 0.6764292 0.7272188 0.6277770 0.7071294 0.4422624 0.4967824 0.5112907 0.6026813 0.5802957 0.5898879 0.6050012 
ACHA031-20_HLS20126_Auriculella_uniplicata       0.6630376 0.0726954 0.4285818 0.0660990 0.0051643 0.0207635 0.0691673 0.0695419 0.8831535 0.4480446 0.0682382 0.0620302 0.6638102 0.0752704 0.0025515 0.0820558 0.8788812 0.7076426 1.0805815 0.0714352 0.0745249 0.8899235 0.9206059 0.4540077 0.0278450 0.0733059 0.0814345 0.0666615 0.0682916 0.0736614 0.0792720 0.6901258 0.0000000 0.5086978 0.7057610 0.0667255 0.0653219 0.0820264 0.5360547 0.4759197 0.5725736 0.4147076 0.0798125 0.0721531 0.9114126 0.0396126 0.0679363 0.7072479 0.0640918 0.0577451 0.0414002 0.0842689 0.0784718 0.8788812 
ACHA040-20_HLS21703_Auriculella_perpusilla       0.5027925 0.5618549 0.2015616 0.3270510 0.4988017 0.4881419 0.4054318 0.3467194 0.7106303 0.2115543 0.4372312 0.3447954 0.4924837 0.5251723 0.5540159 0.5378807 0.7305821 0.5807831 0.5912336 0.6876939 0.4308222 0.4785962 0.4986896 8.9999989 0.4375230 0.6781712 0.5551250 0.4380480 0.5178170 0.2893171 0.5564394 0.5244731 0.5086978 0.0000000 0.6079043 0.5871299 0.0203411 0.7319018 8.9999985 8.9999986 0.2388651 0.0259573 0.5151017 0.6484105 0.8213287 0.4969686 0.5379689 0.5313546 0.3295321 0.0317768 0.4766975 0.7006371 0.2744589 0.7305821 
ACHA047-20_HLS20723_Auriculella_malleata         0.5164691 0.6956319 0.4527066 0.3815710 0.6505009 0.5810866 0.3885287 0.4150413 0.6326526 0.4327399 0.3275866 0.3254155 0.5170825 0.5401954 0.6486115 0.5173896 0.5036644 0.6443942 1.4585077 0.4876766 0.3277737 1.1282703 1.0900260 8.9999988 0.6416807 0.0293900 0.6720615 0.4843800 0.0736420 0.5946503 0.5337565 0.5803228 0.7057610 0.6079043 0.0000000 0.4551488 0.5515194 0.5045486 8.9999987 8.9999983 0.5921624 0.5419629 0.4944741 0.0447211 0.0293921 0.6669052 0.1074010 0.6440072 0.3229682 0.5663758 0.6405771 0.4815836 0.6767888 0.4956049 
ACHA029-20_HLS20186_Auriculella_gagneorum        0.3903669 0.0367530 0.4429554 0.0486299 0.0667717 0.0647561 0.0550136 0.0552438 0.0661488 0.4231396 0.0544606 0.0524686 0.3775610 0.0576572 0.0666857 0.0550393 0.1224077 0.2137777 0.9450667 0.0025569 0.0648127 0.8738640 0.9052201 0.4404902 0.0685177 0.0542889 0.0430309 0.0307706 0.0589675 0.0763821 0.0685297 0.4017428 0.0667255 0.5871299 0.4551488 0.0000000 0.0644599 0.0259260 0.5395088 0.4536997 0.5315156 0.5314372 0.0531080 0.0586474 0.5680048 0.0789857 0.0612265 0.2135696 0.0505377 0.0616370 0.0763026 0.0243512 0.0813111 0.1224077 
ACHA008-20_HLS20187_Auriculella_perpusilla       0.4900592 0.0476613 0.0501583 0.0432063 0.0578762 0.0592041 0.0478939 0.0445444 0.1249258 0.2078719 0.0446081 0.0403705 0.4578579 0.0636445 0.0653222 0.0623612 0.6939627 0.1094868 0.6189551 0.0512728 0.0500840 0.4465606 0.4655870 0.6625270 0.0582780 0.0465368 0.0454199 0.0404964 0.0539559 0.0464712 0.0518111 0.5112907 0.0653219 0.0203411 0.5515194 0.0644599 0.0000000 0.0707395 0.7216829 0.6372138 0.2341617 0.0259646 0.0602900 0.0512325 0.7752074 0.0602013 0.0496561 0.4585997 0.0434740 0.0058435 0.0582727 0.0481022 0.0369400 0.6939627 
ACHA027-20_HLS20138_Auriculella_gagneorum        0.4552198 0.0454938 0.6359345 0.0619512 0.0775818 0.0750140 0.0691192 0.0688503 0.1753153 0.5580575 0.0641223 0.0661313 0.4399038 0.0625913 0.0819782 0.0598981 0.0097196 0.2541967 1.0618107 0.0291858 0.0665893 0.8999576 0.8658492 0.4327570 0.0701685 0.0652955 0.0479080 0.0385136 0.0744452 0.0790956 0.0792180 0.5566599 0.0820264 0.7319018 0.5045486 0.0259260 0.0707395 0.0000000 0.5141247 0.4220733 0.7604710 0.6661182 0.0578704 0.0653108 0.7033686 0.0805988 0.0735180 0.2540015 0.0640478 0.0707395 0.0779373 0.0012695 0.0875653 0.0097196 
ACHA216-22_PCMB54681_Tornatellides_subperforatus 8.9999988 0.6129156 8.9999989 0.5940099 0.5397046 0.5287707 0.5530254 0.5314134 8.9999986 8.9999983 0.6259991 0.6142763 8.9999988 0.5156680 0.5359594 0.5066315 8.9999984 8.5312021 8.9999989 0.6812358 0.6645780 8.9999984 8.9999985 0.2294898 0.5342259 0.7052717 0.6189114 0.6147085 0.5675661 0.5324311 0.6669166 8.9999987 0.5360547 8.9999985 8.9999987 0.5395088 0.7216829 0.5141247 0.0000000 0.0480445 8.9999988 8.9999985 0.4999032 0.6739174 8.9999988 0.5555968 0.5746145 8.9999989 0.5382126 0.7050394 0.5634457 0.6351268 0.6766650 8.9999985 
ACHA002-20_HLS20002_Tornatellides_sp             8.9999990 0.5568543 7.1504371 0.5113265 0.4662337 0.4478277 0.5031991 0.4833849 6.8407492 8.9999985 0.5934563 0.5863810 8.9999983 0.4350654 0.4758388 0.4272903 8.9999989 5.5143872 8.9999984 0.5999731 0.6264879 8.9999988 8.9999984 0.2146250 0.4388643 0.6171931 0.5338242 0.5370731 0.4817950 0.4630908 0.6376031 8.9999981 0.4759197 8.9999986 8.9999983 0.4536997 0.6372138 0.4220733 0.0480445 0.0000000 8.9999983 8.9999983 0.4214259 0.5802371 8.9999988 0.4697158 0.4987924 8.9999988 0.5031487 0.6337373 0.4764359 0.5520254 0.6210902 8.9999989 
ACHA044-20_HLS20879_Auriculella_ambusta          0.6662256 0.5822194 0.0289826 0.3444691 0.5739076 0.4130918 0.2770078 0.2947182 0.6063404 0.0353844 0.3337065 0.2380205 0.6241166 0.6378999 0.6238341 0.7244723 0.7590833 0.6415532 0.6204537 0.6236212 0.3293881 0.4491049 0.4682005 8.9999988 0.5280327 0.6904192 0.6688355 0.5456503 0.5040804 0.1617052 0.5907813 0.6369865 0.5725736 0.2388651 0.5921624 0.5315156 0.2341617 0.7604710 8.9999988 8.9999983 0.0000000 0.1865694 0.6950375 0.6314731 0.8343255 0.5498560 0.4916667 0.6411716 0.2266689 0.1974893 0.5273309 0.7281554 0.1552759 0.7590833 
ACHA039-20_HLS21705_Auriculella_perpusilla       0.4287392 0.5329656 0.1532105 0.3124590 0.4066646 0.3972789 0.3878066 0.3315021 0.6470478 0.1625242 0.4249794 0.3299212 0.4378817 0.4482940 0.4531136 0.5237342 0.6649226 0.5260499 0.5383811 0.6240263 0.4187565 0.4592626 0.4786748 8.9999989 0.3893730 0.6260126 0.5022882 0.4544768 0.4597697 0.2520601 0.5335021 0.4894233 0.4147076 0.0259573 0.5419629 0.5314372 0.0259646 0.6661182 8.9999985 8.9999983 0.1865694 0.0000000 0.5013553 0.5779343 0.7618876 0.4434862 0.4707232 0.4803005 0.3151782 0.0047838 0.4249959 0.6367862 0.2395508 0.6649226 
ACHA022-20_HLS20335_Auriculella_turritella       0.0375880 0.0501381 0.5332672 0.0569914 0.0748572 0.0654358 0.0590212 0.0546833 0.6049879 0.5101591 0.0582615 0.0570250 0.0258559 0.0078381 0.0753658 0.0012706 0.4688708 0.3718452 0.6386784 0.0533212 0.0649086 0.7359874 0.7647747 0.4594982 0.0671634 0.0479990 0.0575531 0.0456005 0.0523053 0.0683924 0.0694732 0.0436753 0.0798125 0.5151017 0.4944741 0.0531080 0.0602900 0.0578704 0.4999032 0.4214259 0.6950375 0.5013553 0.0000000 0.0607350 0.5829018 0.0691852 0.0561248 0.3716470 0.0550218 0.0644182 0.0671572 0.0598629 0.0730821 0.4688708 
ACHA007-20_HLS20655_Auriculella_malleata         0.6032951 0.0672558 0.1107324 0.0555872 0.0679242 0.0623830 0.0567427 0.0569867 0.1575948 0.4603817 0.0502489 0.0496377 0.6040443 0.0648140 0.0678370 0.0628219 0.5873103 0.1702389 1.5882601 0.0590751 0.0562875 1.1847974 1.1445221 0.6493488 0.0695969 0.0069280 0.0701621 0.0563954 0.0223756 0.0710487 0.0599901 0.6764292 0.0721531 0.6484105 0.0447211 0.0586474 0.0512325 0.0653108 0.6739174 0.5802371 0.6314731 0.5779343 0.0607350 0.0000000 0.0589279 0.0715993 0.0255989 0.7486610 0.0522315 0.0503909 0.0695906 0.0516253 0.0605388 0.5777340 
ACHA041-20_HLS20731_Auriculella_malleata         0.6420298 0.8605302 0.6214288 0.4658190 0.8370615 0.7430836 0.4290622 0.5115591 0.8174528 0.5918709 0.3717948 0.3859948 0.6429078 0.6739401 0.8344739 0.6125431 0.7019528 0.8341085 1.4055141 0.6146568 0.3909714 1.3771360 1.3279450 8.9999982 0.8223273 0.0361618 0.8718895 0.5800791 0.0941263 0.9021282 0.6405525 0.7272188 0.9114126 0.8213287 0.0293921 0.5680048 0.7752074 0.7033686 8.9999988 8.9999988 0.8343255 0.7618876 0.5829018 0.0589279 0.0000000 0.8558570 0.1415288 0.8336587 0.3839433 0.7983614 0.8206791 0.6693186 1.0317673 0.6892285 
ACHA037-20_HLS20131_Auriculella_uniplicata       0.6028064 0.0632132 0.4222538 0.0602765 0.0327996 0.0276271 0.0714656 0.0712411 0.9709641 0.4412021 0.0583189 0.0643539 0.5537198 0.0690575 0.0396123 0.0713090 0.7491889 0.6146185 1.1241787 0.0838841 0.0640785 0.9314595 0.9619034 0.4612074 0.0091911 0.0726860 0.0762550 0.0705345 0.0678296 0.0708943 0.0770720 0.6277770 0.0396126 0.4969686 0.6669052 0.0789857 0.0602013 0.0805988 0.5555968 0.4697158 0.5498560 0.4434862 0.0691852 0.0715993 0.8558570 0.0000000 0.0688870 0.6142566 0.0663965 0.0634728 0.0064878 0.0827081 0.0762692 0.7491889 
ACHA038-20_HLS21113_Auriculella_malleata         0.6728032 0.0761672 0.3789238 0.0523211 0.0679851 0.0622205 0.0495209 0.0497135 0.7988696 0.3404806 0.0536849 0.0461962 0.7076084 0.0602880 0.0635117 0.0582520 0.9862180 0.8771125 1.8112590 0.0615329 0.0585765 1.2682142 1.2682142 0.3881310 0.0711717 0.0180770 0.0753442 0.0655822 0.0040068 0.0658379 0.0639700 0.7071294 0.0679363 0.5379689 0.1074010 0.0612265 0.0496561 0.0735180 0.5746145 0.4987924 0.4916667 0.4707232 0.0561248 0.0255989 0.1415288 0.0688870 0.0000000 0.8766750 0.0458802 0.0503710 0.0668012 0.0712011 0.0653521 0.9687887 
ACHA042-20_HLS20524_Auriculella_tenella          0.3936601 0.1487231 0.5364342 0.4086700 0.5983948 0.5710802 0.5803221 0.6082880 0.2467404 0.5601294 0.5208150 0.4480649 0.3483299 0.3762321 0.7066096 0.3885206 0.2537017 0.0097568 1.1479419 0.2248506 0.4767404 0.8148117 0.8450557 8.9999986 0.5413007 0.7587866 0.0047745 0.1436265 0.6442651 0.6763379 0.7051075 0.4422624 0.7072479 0.5313546 0.6440072 0.2135696 0.4585997 0.2540015 8.9999989 8.9999988 0.6411716 0.4803005 0.3716470 0.7486610 0.8336587 0.6142566 0.8766750 0.0000000 0.4684537 0.5022882 0.5894514 0.2422687 0.7665628 0.2537017 
ACHA024-20_HLS20454_Auriculella_crassula         0.5201823 0.0552103 0.2111362 0.0199288 0.0641353 0.0540166 0.0051962 0.0052006 0.5785241 0.1812909 0.0253944 0.0038586 0.4441709 0.0623276 0.0599802 0.0570195 0.4888242 0.4687139 0.5558203 0.0546391 0.0293470 0.3993414 0.4166796 0.4571352 0.0644338 0.0480147 0.0637955 0.0422464 0.0479059 0.0524262 0.0293767 0.4967824 0.0640918 0.3295321 0.3229682 0.0505377 0.0434740 0.0640478 0.5382126 0.5031487 0.2266689 0.3151782 0.0550218 0.0522315 0.3839433 0.0663965 0.0458802 0.4684537 0.0000000 0.0481030 0.0644280 0.0619818 0.0564928 0.4888242 
ACHA005-20_HLS20091_Auriculella_perpusilla       0.4482940 0.0474242 0.0399654 0.0477230 0.0570804 0.0558055 0.0526369 0.0484393 0.1216940 0.1720895 0.0463494 0.0420805 0.4578579 0.0594635 0.0617905 0.0665241 0.6939627 0.1062740 0.5641684 0.0484893 0.0518641 0.4789280 0.4990411 0.6494308 0.0575000 0.0457246 0.0441648 0.0403769 0.0546221 0.0398389 0.0535412 0.5112907 0.0577451 0.0317768 0.5663758 0.0616370 0.0058435 0.0707395 0.7050394 0.6337373 0.1974893 0.0047838 0.0644182 0.0503909 0.7983614 0.0634728 0.0503710 0.5022882 0.0481030 0.0000000 0.0615032 0.0468424 0.0319696 0.6939627 
ACHA034-20_HLS20130_Auriculella_uniplicata       0.5784334 0.0612657 0.4045051 0.0583526 0.0345139 0.0292657 0.0694260 0.0691669 0.9200341 0.4227621 0.0525325 0.0623995 0.5308796 0.0670328 0.0413999 0.0692660 0.7080936 0.5898000 1.0834847 0.0811543 0.0662014 0.9016767 0.9317597 0.4551965 0.0105716 0.0705843 0.0741947 0.0685304 0.0658302 0.0688669 0.0749835 0.6026813 0.0414002 0.4766975 0.6405771 0.0763026 0.0582727 0.0779373 0.5634457 0.4764359 0.5273309 0.4249959 0.0671572 0.0695906 0.8206791 0.0064878 0.0668012 0.5894514 0.0644280 0.0615032 0.0000000 0.0800417 0.0742068 0.7080936 
ACHA011-20_HLS20137_Auriculella_gagneorum        0.4754594 0.0332165 0.1126212 0.0599037 0.0797972 0.0771518 0.0669732 0.0666677 0.0520991 0.5332153 0.0524456 0.0495032 0.4594315 0.0646012 0.0842197 0.0619072 0.0047563 0.0784354 1.1074446 0.0228137 0.0564467 0.8658492 0.8323752 0.6489886 0.0722068 0.0493292 0.0378248 0.0277971 0.0722172 0.0812968 0.0577574 0.5802957 0.0842689 0.7006371 0.4815836 0.0243512 0.0481022 0.0012695 0.6351268 0.5520254 0.7281554 0.6367862 0.0598629 0.0516253 0.6693186 0.0827081 0.0712011 0.2422687 0.0619818 0.0468424 0.0800417 0.0000000 0.0629196 0.0047563 
ACHA016-20_HLS20184_Auriculella_ambusta          0.6716607 0.0613507 0.0443814 0.0623094 0.0785249 0.0634465 0.0611180 0.0613983 0.1673842 0.1378967 0.0545391 0.0524149 0.5780523 0.0723332 0.0828816 0.0752695 0.9452837 0.1476534 0.7842090 0.0667009 0.0601559 0.6819762 0.7070590 0.7141649 0.0742570 0.0573062 0.0639157 0.0543113 0.0709096 0.0051619 0.0638037 0.5898879 0.0784718 0.2744589 0.6767888 0.0813111 0.0369400 0.0875653 0.6766650 0.6210902 0.1552759 0.2395508 0.0730821 0.0605388 1.0317673 0.0762692 0.0653521 0.7665628 0.0564928 0.0319696 0.0742068 0.0629196 0.0000000 0.9452837 
ACHA046-20_HLS20536_Auriculella_gagneorum        0.4967056 0.2374224 0.6348294 0.4676102 0.8142956 0.7018576 0.6038210 0.6325649 0.1570582 0.5570869 0.5319932 0.4678674 0.4799539 0.5187191 0.8785148 0.4897984 0.0097156 0.2538968 1.1541038 0.1431702 0.4974281 0.8983556 0.8643128 8.9999988 0.6133457 0.6887767 0.2654531 0.1918845 0.7329980 0.7943077 0.7912161 0.6050012 0.8788812 0.7305821 0.4956049 0.1224077 0.6939627 0.0097196 8.9999985 8.9999989 0.7590833 0.6649226 0.4688708 0.5777340 0.6892285 0.7491889 0.9687887 0.2537017 0.4888242 0.6939627 0.7080936 0.0047563 0.9452837 0.0000000 
