54
ACHA005-20_HLS20091_Auriculella_perpusilla       0.0000000 0.6333094 0.0464209 0.6963943 0.0469033 0.0047833 0.4808309 0.0404123 0.0442253 0.8016355 0.0665791 0.0577972 0.0504525 0.0595362 0.0319978 0.0058436 0.0481918 0.0457865 0.0644722 0.0519656 0.0527258 0.0477711 0.5128057 0.0421532 0.0618443 0.1722459 0.0546659 0.6963943 0.0485278 0.1977529 0.7048183 0.0635304 0.1064212 0.0504180 0.0558568 0.4493116 0.0615600 0.4588965 0.0400001 0.0708347 0.0575550 0.5679202 0.6488727 0.0536184 0.1217727 0.5011861 0.0485109 0.0616624 0.0398869 0.5667067 0.0474630 0.5034196 0.0571545 0.0317771 
ACHA002-20_HLS20002_Tornatellides_sp             0.6333094 0.0000000 0.5930103 8.9999990 0.5517468 8.9999984 8.9999983 0.5369189 0.5336849 8.9999983 0.4274344 0.4761797 0.5799388 0.4351981 0.6207710 0.6368050 0.5032798 0.6166634 0.4215628 0.6260219 0.5033300 0.5114367 8.9999981 0.5861020 0.4760990 8.9999985 0.4819241 8.9999990 0.4835296 8.9999983 0.0480766 0.4699285 5.5159544 0.4988469 0.4480227 8.9999980 0.4766644 8.9999983 7.1330132 0.4222349 0.4390165 8.9999984 0.2148297 0.6371073 6.8382955 8.9999984 0.5996243 0.4539322 0.4633074 8.9999986 0.5567092 8.9999988 0.4664608 8.9999987 
ACHA003-20_HLS20637_Auriculella_crassula         0.0464209 0.5930103 0.0000000 0.5338219 0.0524685 0.4259069 0.7452627 0.0423119 0.0573050 0.3724205 0.0603584 0.0682937 0.0502858 0.0623132 0.0545818 0.0446920 0.0253957 0.0444611 0.0583105 0.0140863 0.0287554 0.0364386 0.5468991 0.0287726 0.0641146 0.2678413 0.0525637 0.5338219 0.0288145 0.3342634 0.6259544 0.0583521 0.1351824 0.0536973 0.0540724 0.5241993 0.0525644 0.4799655 0.0962573 0.0641754 0.0564469 0.3279815 0.5987928 0.0372935 0.1514843 0.7734579 0.0525418 0.0544928 0.0532571 0.7431518 0.0445297 0.5223334 0.0641958 0.4383037 
ACHA046-20_HLS20536_Auriculella_gagneorum        0.6963943 8.9999990 0.5338219 0.0000000 0.0047558 0.6670687 0.9040696 0.1920519 0.2657062 0.6918090 0.4912424 0.8838783 0.5793202 0.5203804 0.9511987 0.6963943 0.4902376 0.6913480 0.4701280 0.4988588 0.6059090 0.4688340 0.6076966 0.4690926 0.8835014 0.5587307 0.7357519 0.0097148 0.6346861 0.7622009 8.9999985 0.7536748 0.2541226 0.9731852 0.7054480 0.4981496 0.7120442 0.4813522 0.6372649 0.0097187 0.6159870 0.4967517 8.9999988 0.7955808 0.1571240 0.8695655 0.1432423 0.1224890 0.7987199 1.1597940 0.2374897 0.2539282 0.8184854 0.7334966 
ACHA011-20_HLS20137_Auriculella_gagneorum        0.0469033 0.5517468 0.0524685 0.0047558 0.0000000 0.6386716 0.8711205 0.0278241 0.0378546 0.6716256 0.0619612 0.0843471 0.0516724 0.0646344 0.0630028 0.0481637 0.0620351 0.0493792 0.0599161 0.0564689 0.0670235 0.0599561 0.5826945 0.0495283 0.0842978 0.5346469 0.0722626 0.0047558 0.0667384 0.7309371 0.6350645 0.0827009 0.0785029 0.0712491 0.0772087 0.4767084 0.0800558 0.4606536 0.1127005 0.0012696 0.0721989 0.4825580 0.6485386 0.0578083 0.0521165 0.8371946 0.0228219 0.0243664 0.0813755 1.1126321 0.0332254 0.2424740 0.0798739 0.7032442 
ACHA039-20_HLS21705_Auriculella_perpusilla       0.0047833 8.9999984 0.4259069 0.6670687 0.6386716 0.0000000 0.4609425 0.4551812 0.5034196 0.7647638 0.5253186 0.4155957 0.5792891 0.4493116 0.2398527 0.0259641 0.3157430 0.6276070 0.5027390 0.4197185 0.3885365 0.3129023 0.4907510 0.3305333 0.4542762 0.1626777 0.4605416 0.6670687 0.3320603 0.1868275 8.9999985 0.4446952 0.5273443 0.4716879 0.3980578 0.4296308 0.4260528 0.4387842 0.1533624 0.6682737 0.3901785 0.5433170 8.9999989 0.5352968 0.6492821 0.4805750 0.6256218 0.5325756 0.2523737 0.5406094 0.5343966 0.4812983 0.4075561 0.0259568 
ACHA052-20_HLS20232_Auriculella_perversa         0.4808309 8.9999983 0.7452627 0.9040696 0.8711205 0.4609425 0.0000000 0.8337219 0.8509812 1.3871082 0.7104787 0.8965751 1.1930592 0.7840891 0.6869711 0.4480404 0.4002944 1.3871599 0.7400107 0.6895712 0.4503548 0.5737346 0.7830445 0.3832847 0.9602908 0.3964604 1.0619908 0.9040696 0.5142483 0.4506261 8.9999984 0.9391664 0.8203325 1.2770183 0.8551001 0.7542941 0.9089554 0.7694731 0.4138108 0.9056911 0.8486927 1.1364860 8.9999988 0.7880246 0.9110955 0.0047245 1.0093188 0.8797550 0.5640522 0.7618831 0.8738354 0.8199509 0.8984335 0.4804952 
ACHA009-20_HLS20647_Auriculella_tenella          0.0404123 0.5369189 0.0423119 0.1920519 0.0278241 0.4551812 0.8337219 0.0000000 0.0232839 0.5818057 0.0474692 0.0666962 0.0564466 0.0463739 0.0543650 0.0405558 0.0422936 0.0491998 0.0456116 0.0479997 0.0465075 0.0441386 0.3510240 0.0391149 0.0625720 0.4356315 0.0639815 0.1920519 0.0466696 0.5470538 0.6147841 0.0705235 0.0469488 0.0655864 0.0566992 0.3092935 0.0685195 0.3000171 0.0955964 0.0385481 0.0644035 0.4855070 0.6411619 0.0472289 0.0685094 0.8647315 0.0263243 0.0307868 0.0678016 0.8710420 0.0125175 0.1437904 0.0626508 0.4387139 
ACHA010-20_HLS20134_Auriculella_tenella          0.0442253 0.5336849 0.0573050 0.2657062 0.0378546 0.5034196 0.8509812 0.0232839 0.0000000 0.8759740 0.0596218 0.0815161 0.0702275 0.0582588 0.0640011 0.0454813 0.0638696 0.0627481 0.0576082 0.0583629 0.0690277 0.0576573 0.4632375 0.0499073 0.0815165 0.5867667 0.0740699 0.2657062 0.0687721 0.6714615 0.6190074 0.0762669 0.0015451 0.0753967 0.0705893 0.4123876 0.0742064 0.3648922 0.1198108 0.0479440 0.0699602 0.6745376 0.6359071 0.0602288 0.0778106 0.8821368 0.0361745 0.0430489 0.0780206 1.2005457 0.0238581 0.0047740 0.0727192 0.5567682 
ACHA041-20_HLS20731_Auriculella_malleata         0.8016355 8.9999983 0.3724205 0.6918090 0.6716256 0.7647638 1.3871082 0.5818057 0.8759740 0.0000000 0.6141823 0.9166471 0.0589247 0.6761781 1.0385076 0.7782949 0.3847320 0.0361623 0.5842785 0.3917323 0.4300071 0.4669127 0.7300978 0.3869080 0.8387477 0.5938690 0.0941141 0.7046115 0.5130038 0.8381195 8.9999988 0.8608464 0.8377542 0.1416255 0.7462286 0.6439418 0.8252104 0.6448352 0.6237276 0.7060404 0.8268777 0.0293918 8.9999983 0.6436659 0.8209422 1.3374208 0.6164374 0.5696849 0.9078160 1.4125817 0.8650540 0.8372922 0.8413765 0.8249175 
ACHA026-20_HLS20336_Auriculella_turritella       0.0665791 0.4274344 0.0603584 0.4912424 0.0619612 0.5253186 0.7104787 0.0474692 0.0596218 0.6141823 0.0000000 0.0821110 0.0628216 0.0091982 0.0753220 0.0624145 0.0570474 0.0499857 0.0012706 0.0670834 0.0611531 0.0590345 0.0500362 0.0590692 0.0776316 0.5345524 0.0542883 0.4912424 0.0567594 0.7276013 0.5070045 0.0713426 0.3895170 0.0582770 0.0675797 0.0437760 0.0692992 0.0316520 0.5587204 0.0599514 0.0693056 0.5183448 0.4659620 0.0717022 0.6335851 0.7389984 0.0552779 0.0550519 0.0705773 0.6722693 0.0520807 0.3893130 0.0771617 0.5396630 
ACHA031-20_HLS20126_Auriculella_uniplicata       0.0577972 0.4761797 0.0682937 0.8838783 0.0843471 0.4155957 0.8965751 0.0666962 0.0815161 0.9166471 0.0821110 0.0000000 0.0722320 0.0753241 0.0785529 0.0653987 0.0641460 0.0733849 0.0798672 0.0746036 0.0692185 0.0661537 0.6931837 0.0620837 0.0025517 0.4491278 0.0683663 0.8838783 0.0695896 0.5744260 0.5365010 0.0396282 0.7109775 0.0679899 0.0207643 0.6657825 0.0414163 0.6665705 0.4295187 0.0821038 0.0278573 0.7090605 0.4541165 0.0793499 0.8876191 0.9276935 0.0714851 0.0667776 0.0737429 1.0871898 0.0727522 0.7105741 0.0051646 0.5104137 
ACHA007-20_HLS20655_Auriculella_malleata         0.0504525 0.5799388 0.0502858 0.5793202 0.0516724 0.5792891 1.1930592 0.0564466 0.0702275 0.0589247 0.0628216 0.0722320 0.0000000 0.0648134 0.0606065 0.0513081 0.0522649 0.0069280 0.0607347 0.0563379 0.0567734 0.0555985 0.6784917 0.0497154 0.0679139 0.4613442 0.0223757 0.5889191 0.0570143 0.6333750 0.6739280 0.0716124 0.1703716 0.0256119 0.0624355 0.6046335 0.0696035 0.6053931 0.1108784 0.0653576 0.0696098 0.0447175 0.6489287 0.0600437 0.1577593 1.1523063 0.0591362 0.0586956 0.0711004 1.5952526 0.0673087 0.7515613 0.0680012 0.6504073 
ACHA030-20_HLS20153_Auriculella_turritella       0.0595362 0.4351981 0.0623132 0.5203804 0.0646344 0.4493116 0.7840891 0.0463739 0.0582588 0.6761781 0.0091982 0.0753241 0.0648134 0.0000000 0.0724069 0.0637193 0.0623771 0.0539188 0.0078386 0.0691040 0.0667521 0.0644237 0.0314453 0.0644619 0.0753246 0.4999507 0.0561901 0.5203804 0.0621743 0.6400699 0.5160459 0.0690903 0.3770815 0.0603131 0.0612066 0.0047437 0.0670652 0.0257472 0.4781604 0.0626241 0.0670714 0.5413166 0.4743681 0.0776025 0.6699422 0.8140665 0.0578962 0.0576503 0.0677090 0.7206549 0.0509003 0.3768809 0.0704354 0.5267757 
ACHA016-20_HLS20184_Auriculella_ambusta          0.0319978 0.6207710 0.0545818 0.9511987 0.0630028 0.2398527 0.6869711 0.0543650 0.0640011 1.0385076 0.0753220 0.0785529 0.0606065 0.0724069 0.0000000 0.0369818 0.0565522 0.0573755 0.0731330 0.0602265 0.0611759 0.0623872 0.5918851 0.0524720 0.0829643 0.1379912 0.0709600 0.9511987 0.0614531 0.1554493 0.6766125 0.0763280 0.1478395 0.0653863 0.0635211 0.6745399 0.0742651 0.5798887 0.0444032 0.0876937 0.0743153 0.6797357 0.7138426 0.0638877 0.1675041 0.7124551 0.0667553 0.0813908 0.0051620 0.7893343 0.0614117 0.7707051 0.0786061 0.2748384 
ACHA008-20_HLS20187_Auriculella_perpusilla       0.0058436 0.6368050 0.0446920 0.6963943 0.0481637 0.0259641 0.4480404 0.0405558 0.0454813 0.7782949 0.0624145 0.0653987 0.0513081 0.0637193 0.0369818 0.0000000 0.0435796 0.0466129 0.0603424 0.0501980 0.0480010 0.0432719 0.5128057 0.0404546 0.0653991 0.2081095 0.0540212 0.6963943 0.0446300 0.2345886 0.7215275 0.0602365 0.1096351 0.0497254 0.0592788 0.4913916 0.0583073 0.4588965 0.0502208 0.0708347 0.0583126 0.5529900 0.6620167 0.0519009 0.1250051 0.4672750 0.0513209 0.0645307 0.0465428 0.6222014 0.0477256 0.4594765 0.0579295 0.0203403 
ACHA024-20_HLS20454_Auriculella_crassula         0.0481918 0.5032798 0.0253957 0.4902376 0.0620351 0.3157430 0.4002944 0.0422936 0.0638696 0.3847320 0.0570474 0.0641460 0.0522649 0.0623771 0.0565522 0.0435796 0.0000000 0.0480492 0.0550494 0.0293618 0.0051961 0.0199399 0.4980728 0.0038588 0.0600329 0.1814467 0.0479551 0.4902376 0.0052003 0.2270248 0.5385547 0.0664319 0.4698518 0.0458918 0.0540673 0.5216821 0.0644630 0.4450078 0.2113074 0.0641017 0.0644688 0.3234168 0.4572779 0.0293900 0.5805830 0.4177880 0.0546689 0.0505692 0.0524853 0.5576823 0.0552815 0.4695904 0.0641896 0.3301430 
ACHA014-20_HLS20730_Auriculella_malleata         0.0457865 0.6166634 0.0444611 0.6913480 0.0493792 0.6276070 1.3871599 0.0491998 0.0627481 0.0361623 0.0499857 0.0733849 0.0069280 0.0539188 0.0573755 0.0466129 0.0480492 0.0000000 0.0480037 0.0517513 0.0517677 0.0513763 0.5996431 0.0463355 0.0688579 0.4860136 0.0153598 0.7041461 0.0519731 0.6927039 0.7050109 0.0726961 0.1572448 0.0180882 0.0631156 0.5256818 0.0705943 0.5263933 0.1062519 0.0653449 0.0706010 0.0293896 0.6675968 0.0541706 0.1489375 1.3374137 0.0515093 0.0543389 0.0668200 1.3041856 0.0599685 0.7615708 0.0689501 0.6802807 
ACHA022-20_HLS20335_Auriculella_turritella       0.0644722 0.4215628 0.0583105 0.4701280 0.0599161 0.5027390 0.7400107 0.0456116 0.0576082 0.5842785 0.0012706 0.0798672 0.0607347 0.0078386 0.0731330 0.0603424 0.0550494 0.0480037 0.0000000 0.0649574 0.0590656 0.0570192 0.0436772 0.0570528 0.0754200 0.5115429 0.0523079 0.4701280 0.0547298 0.6978320 0.5002584 0.0692182 0.3725372 0.0561495 0.0654642 0.0375887 0.0671898 0.0258552 0.5348660 0.0579228 0.0671960 0.4952761 0.4596540 0.0695207 0.6073568 0.7691858 0.0533303 0.0531203 0.0684454 0.6410308 0.0501709 0.3723397 0.0749361 0.5166717 
ACHA006-20_HLS20597_Auriculella_crassula         0.0519656 0.6260219 0.0140863 0.4988588 0.0564689 0.4197185 0.6895712 0.0479997 0.0583629 0.3917323 0.0670834 0.0746036 0.0563379 0.0691040 0.0602265 0.0501980 0.0293618 0.0517513 0.0649574 0.0000000 0.0329221 0.0374792 0.6066242 0.0314307 0.0702515 0.2649542 0.0580641 0.4988588 0.0329999 0.3300064 0.6645917 0.0641327 0.1284623 0.0586310 0.0597784 0.5329543 0.0662563 0.4879099 0.1014451 0.0666421 0.0663016 0.3281677 0.6413200 0.0402383 0.1593488 0.7166438 0.0618782 0.0648461 0.0586142 0.7087921 0.0553631 0.4778748 0.0703414 0.4319239 
ACHA023-20_HLS20607_Auriculella_crassula         0.0527258 0.5033300 0.0287554 0.6059090 0.0670235 0.3885365 0.4503548 0.0465075 0.0690277 0.4300071 0.0611531 0.0692185 0.0567734 0.0667521 0.0611759 0.0480010 0.0051961 0.0517677 0.0590656 0.0329221 0.0000000 0.0263991 0.6049043 0.0092586 0.0649468 0.2205939 0.0516421 0.6059090 0.0025596 0.2774074 0.5534120 0.0714970 0.5823098 0.0495485 0.0587564 0.6333060 0.0694572 0.5413374 0.2556735 0.0691701 0.0694636 0.3892755 0.4573182 0.0355271 0.7175074 0.4702801 0.0593351 0.0550433 0.0569347 0.5579098 0.0600553 0.5819533 0.0692661 0.4062466 
ACHA033-20_HLS20459_Auriculella_crassula         0.0477711 0.5114367 0.0364386 0.4688340 0.0599561 0.3129023 0.5737346 0.0441386 0.0576573 0.4669127 0.0590345 0.0661537 0.0555985 0.0644237 0.0623872 0.0432719 0.0199399 0.0513763 0.0570192 0.0374792 0.0263991 0.0000000 0.5686284 0.0237427 0.0620107 0.2771884 0.0512265 0.4688340 0.0264507 0.3451347 0.5943632 0.0603102 0.4096290 0.0523301 0.0560334 0.4988216 0.0583859 0.4656412 0.2901749 0.0620043 0.0624035 0.3821368 0.4703658 0.0134164 0.5554347 0.5971514 0.0527079 0.0486608 0.0580868 0.6446753 0.0493199 0.4094090 0.0620894 0.3275437 
ACHA051-20_HLS20461_Auriculella_turritella       0.5128057 8.9999981 0.5468991 0.6076966 0.5826945 0.4907510 0.7830445 0.3510240 0.4632375 0.7300978 0.0500362 0.6931837 0.6784917 0.0314453 0.5918851 0.5128057 0.4980728 0.5996431 0.0436772 0.6066242 0.6049043 0.5686284 0.0000000 0.5209801 0.6925519 0.4992911 0.5319609 0.6076966 0.5161820 0.6391450 8.9999985 0.6303937 0.4436924 0.7092355 0.5206620 0.0374176 0.6050126 0.0374205 0.4775407 0.5587892 0.6060569 0.5818356 8.9999987 0.8125854 0.6585103 0.8130030 0.4305593 0.4025060 0.5103182 0.7883632 0.3725926 0.4434568 0.6240537 0.5260699 
ACHA004-20_HLS20609_Auriculella_crassula         0.0421532 0.5861020 0.0287726 0.4690926 0.0495283 0.3305333 0.3832847 0.0391149 0.0499073 0.3869080 0.0590692 0.0620837 0.0497154 0.0644619 0.0524720 0.0404546 0.0038588 0.0463355 0.0570528 0.0314307 0.0092586 0.0237427 0.5209801 0.0000000 0.0580045 0.1912327 0.0483564 0.5125604 0.0092677 0.2383854 0.6142091 0.0643887 0.1145052 0.0462473 0.0520916 0.5455061 0.0624339 0.4659017 0.0790361 0.0661859 0.0624395 0.3259842 0.6241101 0.0318557 0.1269342 0.4000896 0.0495859 0.0525007 0.0543958 0.5858660 0.0483474 0.4490531 0.0621259 0.3454648 
ACHA032-20_HLS20127_Auriculella_uniplicata       0.0618443 0.4760990 0.0641146 0.8835014 0.0842978 0.4542762 0.9602908 0.0625720 0.0815165 0.8387477 0.0776316 0.0025517 0.0679139 0.0753246 0.0829643 0.0653991 0.0600329 0.0688579 0.0754200 0.0702515 0.0649468 0.0620107 0.6925519 0.0580045 0.0000000 0.4488847 0.0640691 0.8835014 0.0652718 0.6262047 0.5364052 0.0396278 0.7103327 0.0635639 0.0207637 0.6651726 0.0414159 0.6659600 0.4694348 0.0820555 0.0311389 0.6512446 0.4540401 0.0748948 0.8872327 0.9921719 0.0714423 0.0667377 0.0780511 1.0869150 0.0684597 0.7099296 0.0051644 0.5561970 
ACHA043-20_HLS21744_Auriculella_ambusta          0.1722459 8.9999985 0.2678413 0.5587307 0.5346469 0.1626777 0.3964604 0.4356315 0.5867667 0.5938690 0.5345524 0.4491278 0.4613442 0.4999507 0.1379912 0.2081095 0.1814467 0.4860136 0.5115429 0.2649542 0.2205939 0.2771884 0.4992911 0.1912327 0.4488847 0.0000000 0.3663679 0.5587307 0.2331502 0.0354323 8.9999983 0.4423684 0.5624479 0.3408382 0.3536322 0.5228733 0.4237771 0.4885033 0.0259427 0.5597103 0.4242889 0.4336707 8.9999988 0.4764168 0.4852716 0.4133958 0.4976223 0.4238490 0.1428538 0.4879213 0.4672909 0.5621158 0.4501412 0.2117351 
ACHA021-20_HLS21114_Auriculella_malleata         0.0546659 0.4819241 0.0525637 0.7357519 0.0722626 0.4605416 1.0619908 0.0639815 0.0740699 0.0941141 0.0542883 0.0683663 0.0223757 0.0561901 0.0709600 0.0540212 0.0479551 0.0153598 0.0523079 0.0580641 0.0516421 0.0512265 0.5319609 0.0483564 0.0640691 0.3663679 0.0000000 0.7479280 0.0518449 0.5052107 0.5679953 0.0678393 0.6468419 0.0040068 0.0627875 0.4720386 0.0658399 0.4725831 0.3839544 0.0744909 0.0700261 0.0736313 0.4202301 0.0624702 0.5813972 1.0979656 0.0592870 0.0590135 0.0663281 1.1442539 0.0741714 0.6464477 0.0684138 0.5190006 
ACHA050-20_HLS20539_Auriculella_gagneorum        0.6963943 8.9999990 0.5338219 0.0097148 0.0047558 0.6670687 0.9040696 0.1920519 0.2657062 0.7046115 0.4912424 0.8838783 0.5889191 0.5203804 0.9511987 0.6963943 0.4902376 0.7041461 0.4701280 0.4988588 0.6059090 0.4688340 0.6076966 0.5125604 0.8835014 0.5587307 0.7479280 0.0000000 0.6346861 0.7622009 8.9999984 0.7536748 0.2541226 0.9907736 0.7054480 0.4981496 0.7120442 0.4813522 0.6372649 0.0097187 0.6159870 0.5048053 8.9999984 0.7955808 0.1752601 0.8695655 0.1432423 0.1224890 0.7987199 1.1597940 0.2374897 0.2539282 0.8184854 0.7334966 
ACHA020-20_HLS20595_Auriculella_crassula         0.0485278 0.4835296 0.0288145 0.6346861 0.0667384 0.3320603 0.5142483 0.0466696 0.0687721 0.5130038 0.0567594 0.0695896 0.0570143 0.0621743 0.0614531 0.0446300 0.0052003 0.0519731 0.0547298 0.0329999 0.0025596 0.0264507 0.5161820 0.0092677 0.0652718 0.2331502 0.0518449 0.6346861 0.0000000 0.2951504 0.5317957 0.0712927 0.6103001 0.0497382 0.0590205 0.5408069 0.0692181 0.4609535 0.2709483 0.0689219 0.0692246 0.4158847 0.4357531 0.0356187 0.7524784 0.5366568 0.0596023 0.0552698 0.0571725 0.4683501 0.0603337 0.6099213 0.0690193 0.3473279 
ACHA044-20_HLS20879_Auriculella_ambusta          0.1977529 8.9999983 0.3342634 0.7622009 0.7309371 0.1868275 0.4506261 0.5470538 0.6714615 0.8381195 0.7276013 0.5744260 0.6333750 0.6400699 0.1554493 0.2345886 0.2270248 0.6927039 0.6978320 0.3300064 0.2774074 0.3451347 0.6391450 0.2383854 0.6262047 0.0354323 0.5052107 0.7622009 0.2951504 0.0000000 8.9999986 0.5517962 0.6439010 0.4927503 0.4138757 0.6686871 0.5290567 0.6261062 0.0290268 0.7636010 0.5297654 0.5940367 8.9999989 0.5932007 0.6082252 0.4699304 0.6253339 0.5327630 0.1618757 0.6231658 0.5842118 0.6435126 0.5757741 0.2392458 
ACHA216-22_PCMB54681_Tornatellides_subperforatus 0.7048183 0.0480766 0.6259544 8.9999985 0.6350645 8.9999985 8.9999984 0.6147841 0.6190074 8.9999988 0.5070045 0.5365010 0.6739280 0.5160459 0.6766125 0.7215275 0.5385547 0.7050109 0.5002584 0.6645917 0.5534120 0.5943632 8.9999985 0.6142091 0.5364052 8.9999983 0.5679953 8.9999984 0.5317957 8.9999986 0.0000000 0.5561279 8.6064231 0.5749770 0.5291891 8.9999986 0.5640091 8.9999986 8.9999990 0.5145712 0.5346777 8.9999987 0.2297949 0.6666438 8.9999987 8.9999985 0.6810975 0.5400059 0.5328794 8.9999990 0.6130831 8.9999981 0.5401478 8.9999985 
ACHA037-20_HLS20131_Auriculella_uniplicata       0.0635304 0.4699285 0.0583521 0.7536748 0.0827009 0.4446952 0.9391664 0.0705235 0.0762669 0.8608464 0.0713426 0.0396282 0.0716124 0.0690903 0.0763280 0.0602365 0.0664319 0.0726961 0.0692182 0.0641327 0.0714970 0.0603102 0.6303937 0.0643887 0.0396278 0.4423684 0.0678393 0.7536748 0.0712927 0.5517962 0.5561279 0.0000000 0.6170328 0.0688970 0.0276412 0.6051367 0.0064882 0.5555272 0.4232664 0.0805914 0.0091917 0.6699393 0.4613977 0.0771276 0.9770259 0.9700490 0.0838687 0.0789749 0.0709763 1.1320590 0.0632258 0.6166643 0.0328133 0.4987445 
ACHA019-20_HLS20347_Auriculella_tenella          0.1064212 5.5159544 0.1351824 0.2541226 0.0785029 0.5273443 0.8203325 0.0469488 0.0015451 0.8377542 0.3895170 0.7109775 0.1703716 0.3770815 0.1478395 0.1096351 0.4698518 0.1572448 0.3725372 0.1284623 0.5823098 0.4096290 0.4436924 0.1145052 0.7103327 0.5624479 0.6468419 0.2541226 0.6103001 0.6439010 8.6064231 0.6170328 0.0000000 0.8811757 0.5732587 0.3946250 0.5919348 0.3491435 0.1168285 0.2544244 0.5432442 0.6465786 8.9999988 0.1437859 0.0752445 0.8509812 0.0745017 0.2138850 0.6257309 1.1547622 0.0476191 0.0097559 0.6008729 0.5826373 
ACHA038-20_HLS21113_Auriculella_malleata         0.0504180 0.4988469 0.0536973 0.9731852 0.0712491 0.4716879 1.2770183 0.0655864 0.0753967 0.1416255 0.0582770 0.0679899 0.0256119 0.0603131 0.0653863 0.0497254 0.0458918 0.0180882 0.0561495 0.0586310 0.0495485 0.0523301 0.7092355 0.0462473 0.0635639 0.3408382 0.0040068 0.9907736 0.0497382 0.4927503 0.5749770 0.0688970 0.8811757 0.0000000 0.0622497 0.6745833 0.0668111 0.7097243 0.3794533 0.0735665 0.0711819 0.1074800 0.3883056 0.0640021 0.8020135 1.2770183 0.0615332 0.0612306 0.0658699 1.8173905 0.0761750 0.8807255 0.0680387 0.5394800 
ACHA028-20_HLS20149_Auriculella_uniplicata       0.0558568 0.4480227 0.0540724 0.7054480 0.0772087 0.3980578 0.8551001 0.0566992 0.0705893 0.7462286 0.0675797 0.0207643 0.0624355 0.0612066 0.0635211 0.0592788 0.0540673 0.0631156 0.0654642 0.0597784 0.0587564 0.0560334 0.5206620 0.0520916 0.0207637 0.3536322 0.0627875 0.7054480 0.0590205 0.4138757 0.5291891 0.0276412 0.5732587 0.0622497 0.0000000 0.5454009 0.0292805 0.4555759 0.3075062 0.0750703 0.0260684 0.5829536 0.4318946 0.0727883 0.8517308 0.8856294 0.0694555 0.0648067 0.0583079 1.0471468 0.0657667 0.5729145 0.0178016 0.4896661 
ACHA048-20_HLS20198_Auriculella_turritella       0.4493116 8.9999980 0.5241993 0.4981496 0.4767084 0.4296308 0.7542941 0.3092935 0.4123876 0.6439418 0.0437760 0.6657825 0.6046335 0.0047437 0.6745399 0.4913916 0.5216821 0.5256818 0.0375887 0.5329543 0.6333060 0.4988216 0.0374176 0.5455061 0.6651726 0.5228733 0.4720386 0.4981496 0.5408069 0.6686871 8.9999986 0.6051367 0.3946250 0.6745833 0.5454009 0.0000000 0.5804986 0.0315278 0.5002365 0.4562965 0.5815025 0.5174174 8.9999980 0.7196340 0.6425908 0.7836983 0.4184095 0.3909762 0.5829630 0.7550114 0.3303861 0.3944171 0.5987452 0.5041974 
ACHA034-20_HLS20130_Auriculella_uniplicata       0.0615600 0.4766644 0.0525644 0.7120442 0.0800558 0.4260528 0.9089554 0.0685195 0.0742064 0.8252104 0.0692992 0.0414163 0.0696035 0.0670652 0.0742651 0.0583073 0.0644630 0.0705943 0.0671898 0.0662563 0.0694572 0.0583859 0.6050126 0.0624339 0.0414159 0.4237771 0.0658399 0.7120442 0.0692181 0.5290567 0.5640091 0.0064882 0.5919348 0.0668111 0.0292805 0.5804986 0.0000000 0.5324645 0.4053848 0.0779511 0.0105724 0.6432891 0.4553752 0.0750387 0.9254732 0.9394750 0.0811608 0.0763131 0.0689481 1.0908799 0.0612782 0.5915805 0.0345281 0.4782712 
ACHA045-20_HLS20816_Auriculella_turritella       0.4588965 8.9999983 0.4799655 0.4813522 0.4606536 0.4387842 0.7694731 0.3000171 0.3648922 0.6448352 0.0316520 0.6665705 0.6053931 0.0257472 0.5798887 0.4588965 0.4450078 0.5263933 0.0258552 0.4879099 0.5413374 0.4656412 0.0374205 0.4659017 0.6659600 0.4885033 0.4725831 0.4813522 0.4609535 0.6261062 8.9999986 0.5555272 0.3491435 0.7097243 0.4555759 0.0315278 0.5324645 0.0000000 0.4670799 0.4409713 0.5333886 0.5180353 8.9999988 0.6748494 0.6210170 0.7992774 0.4043754 0.3782076 0.4996392 0.7040853 0.3205981 0.3489532 0.5994662 0.4938592 
ACHA018-20_HLS20747_Auriculella_ambusta          0.0400001 7.1330132 0.0962573 0.6372649 0.1127005 0.1533624 0.4138108 0.0955964 0.1198108 0.6237276 0.5587204 0.4295187 0.1108784 0.4781604 0.0444032 0.0502208 0.2113074 0.1062519 0.5348660 0.1014451 0.2556735 0.2901749 0.4775407 0.0790361 0.4694348 0.0259427 0.3839544 0.6372649 0.2709483 0.0290268 8.9999990 0.4232664 0.1168285 0.3794533 0.3075062 0.5002365 0.4053848 0.4670799 0.0000000 0.6383810 0.4058673 0.4537663 8.9999989 0.1247557 0.1072473 0.4314474 0.1083909 0.4437915 0.1180009 0.5123382 0.1059242 0.5381847 0.4304820 0.2017338 
ACHA027-20_HLS20138_Auriculella_gagneorum        0.0708347 0.4222349 0.0641754 0.0097187 0.0012696 0.6682737 0.9056911 0.0385481 0.0479440 0.7060404 0.0599514 0.0821038 0.0653576 0.0626241 0.0876937 0.0708347 0.0641017 0.0653449 0.0579228 0.0666421 0.0691701 0.0620043 0.5587892 0.0661859 0.0820555 0.5597103 0.0744909 0.0097187 0.0689219 0.7636010 0.5145712 0.0805914 0.2544244 0.0735665 0.0750703 0.4562965 0.0779511 0.4409713 0.6383810 0.0000000 0.0701606 0.5056974 0.4329624 0.0792955 0.1753856 0.8711205 0.0292015 0.0259418 0.0791735 1.0665132 0.0454943 0.2542297 0.0776577 0.7348276 
ACHA025-20_HLS20708_Auriculella_uniplicata       0.0575550 0.4390165 0.0564469 0.6159870 0.0721989 0.3901785 0.8486927 0.0644035 0.0699602 0.8268777 0.0693056 0.0278573 0.0696098 0.0670714 0.0743153 0.0583126 0.0644688 0.0706010 0.0671960 0.0663016 0.0694636 0.0624035 0.6060569 0.0624395 0.0311389 0.4242889 0.0700261 0.6159870 0.0692246 0.5297654 0.5346777 0.0091917 0.5432442 0.0711819 0.0260684 0.5815025 0.0105724 0.5333886 0.4058673 0.0701606 0.0000000 0.6444051 0.4309261 0.0794257 0.8071906 0.8784616 0.0731056 0.0685067 0.0689949 1.0922337 0.0572909 0.5429234 0.0246598 0.4387467 
ACHA047-20_HLS20723_Auriculella_malleata         0.5679202 8.9999984 0.3279815 0.4967517 0.4825580 0.5433170 1.1364860 0.4855070 0.6745376 0.0293918 0.5183448 0.7090605 0.0447175 0.5413166 0.6797357 0.5529900 0.3234168 0.0293896 0.4952761 0.3281677 0.3892755 0.3821368 0.5818356 0.3259842 0.6512446 0.4336707 0.0736313 0.5048053 0.4158847 0.5940367 8.9999987 0.6699393 0.6465786 0.1074800 0.5829536 0.5174174 0.6432891 0.5180353 0.4537663 0.5056974 0.6444051 0.0000000 8.9999988 0.5357930 0.6347704 1.0977654 0.4887292 0.4561188 0.5969406 1.4659741 0.6987108 0.6461846 0.6531600 0.6098703 
ACHA001-20_HLS20486_Tornatellaria_sp             0.6488727 0.2148297 0.5987928 8.9999988 0.6485386 8.9999989 8.9999988 0.6411619 0.6359071 8.9999983 0.4659620 0.4541165 0.6489287 0.4743681 0.7138426 0.6620167 0.4572779 0.6675968 0.4596540 0.6413200 0.4573182 0.4703658 8.9999987 0.6241101 0.4540401 8.9999988 0.4202301 8.9999984 0.4357531 8.9999989 0.2297949 0.4613977 8.9999988 0.3883056 0.4318946 8.9999980 0.4553752 8.9999988 8.9999989 0.4329624 0.4309261 8.9999988 0.0000000 0.7324978 8.9999982 8.9999983 0.7073346 0.4406336 0.4710471 8.9999988 0.6525430 8.9999986 0.4640194 8.9999989 
ACHA013-20_HLS20458_Auriculella_crassula         0.0536184 0.6371073 0.0372935 0.7955808 0.0578083 0.5352968 0.7880246 0.0472289 0.0602288 0.6436659 0.0717022 0.0793499 0.0600437 0.0776025 0.0638877 0.0519009 0.0293900 0.0541706 0.0695207 0.0402383 0.0355271 0.0134164 0.8125854 0.0318557 0.0748948 0.4764168 0.0624702 0.7955808 0.0356187 0.5932007 0.6666438 0.0771276 0.1437859 0.0640021 0.0727883 0.7196340 0.0750387 0.6748494 0.1247557 0.0792955 0.0794257 0.5357930 0.7324978 0.0000000 0.1606252 0.8166380 0.0552939 0.0685838 0.0746857 0.8906839 0.0519201 0.7080625 0.0794041 0.5584554 
ACHA017-20_HLS20878_Auriculella_gagneorum        0.1217727 6.8382955 0.1514843 0.1571240 0.0521165 0.6492821 0.9110955 0.0685094 0.0778106 0.8209422 0.6335851 0.8876191 0.1577593 0.6699422 0.1675041 0.1250051 0.5805830 0.1489375 0.6073568 0.1593488 0.7175074 0.5554347 0.6585103 0.1269342 0.8872327 0.4852716 0.5813972 0.1752601 0.7524784 0.6082252 8.9999987 0.9770259 0.0752445 0.8020135 0.8517308 0.6425908 0.9254732 0.6210170 0.1072473 0.1753856 0.8071906 0.6347704 8.9999982 0.1606252 0.0000000 0.9432958 0.0239136 0.0661374 0.8202445 1.1443050 0.0798258 0.2468755 0.8202090 0.7136619 
ACHA053-20_HLS21612_Auriculella_perversa         0.5011861 8.9999984 0.7734579 0.8695655 0.8371946 0.4805750 0.0047245 0.8647315 0.8821368 1.3374208 0.7389984 0.9276935 1.1523063 0.8140665 0.7124551 0.4672750 0.4177880 1.3374137 0.7691858 0.7166438 0.4702801 0.5971514 0.8130030 0.4000896 0.9921719 0.4133958 1.0979656 0.8695655 0.5366568 0.4699304 8.9999985 0.9700490 0.8509812 1.2770183 0.8856294 0.7836983 0.9394750 0.7992774 0.4314474 0.8711205 0.8784616 1.0977654 8.9999983 0.8166380 0.9432958 0.0000000 1.0437224 0.9115479 0.5865754 0.7937637 0.9046192 0.8506109 0.9295885 0.5008302 
ACHA015-20_HLS20185_Auriculella_gagneorum        0.0485109 0.5996243 0.0525418 0.1432423 0.0228219 0.6256218 1.0093188 0.0263243 0.0361745 0.6164374 0.0552779 0.0714851 0.0591362 0.0578962 0.0667553 0.0513209 0.0546689 0.0515093 0.0533303 0.0618782 0.0593351 0.0527079 0.4305593 0.0495859 0.0714423 0.4976223 0.0592870 0.1432423 0.0596023 0.6253339 0.6810975 0.0838687 0.0745017 0.0615332 0.0694555 0.4184095 0.0811608 0.4043754 0.1083909 0.0292015 0.0731056 0.4887292 0.7073346 0.0552939 0.0239136 1.0437224 0.0000000 0.0025569 0.0814161 1.1282906 0.0311573 0.2249720 0.0715347 0.6900014 
ACHA029-20_HLS20186_Auriculella_gagneorum        0.0616624 0.4539322 0.0544928 0.1224890 0.0243664 0.5325756 0.8797550 0.0307868 0.0430489 0.5696849 0.0550519 0.0667776 0.0586956 0.0576503 0.0813908 0.0645307 0.0505692 0.0543389 0.0531203 0.0648461 0.0550433 0.0486608 0.4025060 0.0525007 0.0667377 0.4238490 0.0590135 0.1224890 0.0552698 0.5327630 0.5400059 0.0789749 0.2138850 0.0612306 0.0648067 0.3909762 0.0763131 0.3782076 0.4437915 0.0259418 0.0685067 0.4561188 0.4406336 0.0685838 0.0661374 0.9115479 0.0025569 0.0000000 0.0764623 0.9492893 0.0367546 0.2136770 0.0668238 0.5888485 
ACHA036-20_HLS20183_Auriculella_ambusta          0.0398869 0.4633074 0.0532571 0.7987199 0.0813755 0.2523737 0.5640522 0.0678016 0.0780206 0.9078160 0.0705773 0.0737429 0.0711004 0.0677090 0.0051620 0.0465428 0.0524853 0.0668200 0.0684454 0.0586142 0.0569347 0.0580868 0.5103182 0.0543958 0.0780511 0.1428538 0.0663281 0.7987199 0.0571725 0.1618757 0.5328794 0.0709763 0.6257309 0.0658699 0.0583079 0.5829630 0.0689481 0.4996392 0.1180009 0.0791735 0.0689949 0.5969406 0.4710471 0.0746857 0.8202445 0.5865754 0.0814161 0.0764623 0.0000000 0.6893005 0.0728081 0.6797066 0.0737928 0.2897226 
ACHA049-20_HLS21154_Auriculella_montana          0.5667067 8.9999986 0.7431518 1.1597940 1.1126321 0.5406094 0.7618831 0.8710420 1.2005457 1.4125817 0.6722693 1.0871898 1.5952526 0.7206549 0.7893343 0.6222014 0.5576823 1.3041856 0.6410308 0.7087921 0.5579098 0.6446753 0.7883632 0.5858660 1.0869150 0.4879213 1.1442539 1.1597940 0.4683501 0.6231658 8.9999990 1.1320590 1.1547622 1.8173905 1.0471468 0.7550114 1.0908799 0.7040853 0.5123382 1.0665132 1.0922337 1.4659741 8.9999988 0.8906839 1.1443050 0.7937637 1.1282906 0.9492893 0.6893005 0.0000000 1.0047235 1.1545469 1.1531287 0.5941162 
ACHA012-20_HLS20649_Auriculella_tenella          0.0474630 0.5567092 0.0445297 0.2374897 0.0332254 0.5343966 0.8738354 0.0125175 0.0238581 0.8650540 0.0520807 0.0727522 0.0673087 0.0509003 0.0614117 0.0477256 0.0552815 0.0599685 0.0501709 0.0553631 0.0600553 0.0493199 0.3725926 0.0483474 0.0684597 0.4672909 0.0741714 0.2374897 0.0603337 0.5842118 0.6130831 0.0632258 0.0476191 0.0761750 0.0657667 0.3303861 0.0612782 0.3205981 0.1059242 0.0454943 0.0572909 0.6987108 0.6525430 0.0519201 0.0798258 0.9046192 0.0311573 0.0367546 0.0728081 1.0047235 0.0000000 0.1488013 0.0685469 0.5635639 
ACHA042-20_HLS20524_Auriculella_tenella          0.5034196 8.9999988 0.5223334 0.2539282 0.2424740 0.4812983 0.8199509 0.1437904 0.0047740 0.8372922 0.3893130 0.7105741 0.7515613 0.3768809 0.7707051 0.4594765 0.4695904 0.7615708 0.3723397 0.4778748 0.5819533 0.4094090 0.4434568 0.4490531 0.7099296 0.5621158 0.6464477 0.2539282 0.6099213 0.6435126 8.9999981 0.6166643 0.0097559 0.8807255 0.5729145 0.3944171 0.5915805 0.3489532 0.5381847 0.2542297 0.5429234 0.6461846 8.9999986 0.7080625 0.2468755 0.8506109 0.2249720 0.2136770 0.6797066 1.1545469 0.1488013 0.0000000 0.6005112 0.5328181 
ACHA035-20_HLS20702_Auriculella_uniplicata       0.0571545 0.4664608 0.0641958 0.8184854 0.0798739 0.4075561 0.8984335 0.0626508 0.0727192 0.8413765 0.0771617 0.0051646 0.0680012 0.0704354 0.0786061 0.0579295 0.0641896 0.0689501 0.0749361 0.0703414 0.0692661 0.0620894 0.6240537 0.0621259 0.0051644 0.4501412 0.0684138 0.8184854 0.0690193 0.5757741 0.5401478 0.0328133 0.6008729 0.0680387 0.0178016 0.5987452 0.0345281 0.5994662 0.4304820 0.0776577 0.0246598 0.6531600 0.4640194 0.0794041 0.8202090 0.9295885 0.0715347 0.0668238 0.0737928 1.1531287 0.0685469 0.6005112 0.0000000 0.5004791 
ACHA040-20_HLS21703_Auriculella_perpusilla       0.0317771 8.9999987 0.4383037 0.7334966 0.7032442 0.0259568 0.4804952 0.4387139 0.5567682 0.8249175 0.5396630 0.5104137 0.6504073 0.5267757 0.2748384 0.0203403 0.3301430 0.6802807 0.5166717 0.4319239 0.4062466 0.3275437 0.5260699 0.3454648 0.5561970 0.2117351 0.5190006 0.7334966 0.3473279 0.2392458 8.9999985 0.4987445 0.5826373 0.5394800 0.4896661 0.5041974 0.4782712 0.4938592 0.2017338 0.7348276 0.4387467 0.6098703 8.9999989 0.5584554 0.7136619 0.5008302 0.6900014 0.5888485 0.2897226 0.5941162 0.5635639 0.5328181 0.5004791 0.0000000 
