54
ACHA043-20_HLS21744_Auriculella_ambusta          0.0000000 0.3614132 0.4326837 0.4079043 0.4827500 0.5522867 0.4708547 0.0266935 0.4731783 0.2100902 0.5734198 0.4610687 0.4517086 0.3397500 0.1991377 6.1904192 0.5901866 0.4648740 0.3813457 0.4798885 0.2501311 0.5194746 0.5757273 0.5457794 0.2614051 0.5142364 0.4424310 0.5741577 0.5602704 5.4721543 0.0431324 0.2897996 0.5278472 0.1727025 0.2227206 0.4672645 0.3596520 0.3345609 0.4712363 0.4652996 0.4943645 0.5530058 0.1673846 0.5092994 0.2382461 0.5602704 0.2804663 0.4746721 0.4771106 0.5262992 0.2688200 0.4697616 0.5673244 5.3980761 
ACHA049-20_HLS21154_Auriculella_montana          0.3614132 0.0000000 0.7083890 0.6199242 0.6541389 0.5028231 0.5732771 0.3599357 0.6242550 0.4177440 0.6021680 0.7582717 0.4975809 0.4589644 0.4043663 6.9571668 0.6761418 0.5119113 0.6219036 0.5902763 0.4530848 0.5088206 0.6603349 0.6195726 0.4296143 0.6342303 0.7413183 0.6586221 0.6352535 5.6475184 0.4052377 0.4346311 0.4788465 0.4781361 0.3940430 0.5359050 0.6593739 0.5007304 0.6476279 0.4882611 0.6007086 0.4471626 0.5151195 0.7544670 0.4164497 0.6352535 0.3401544 0.6258871 0.6565129 0.4772686 0.4001414 0.6460107 0.4614387 5.4807500 
ACHA014-20_HLS20730_Auriculella_malleata         0.4326837 0.7083890 0.0000000 0.0825996 0.5122760 0.4878934 0.4002007 0.3646676 0.5419367 0.3844649 0.4987905 0.0360982 0.8570726 0.3641559 0.5279519 8.9999987 0.5612164 0.8231700 0.4731132 0.5034097 0.3672648 0.5192714 0.6077307 0.4308466 0.5419238 0.5630980 0.0280964 0.6092712 0.5749372 8.9999985 0.5283349 0.3828073 0.4252726 0.4727437 0.3197329 0.4103216 0.1016529 0.3882867 0.5358498 0.4156330 0.4204141 0.3812309 0.4229663 0.0448440 0.3406073 0.5599066 0.3782193 0.5039448 0.5459390 0.4845927 0.3625467 0.5344246 0.3944695 8.9999987 
ACHA021-20_HLS21114_Auriculella_malleata         0.4079043 0.6199242 0.0825996 0.0000000 0.5080899 0.5213560 0.4605154 0.4063202 0.4986289 0.4323624 0.6051587 0.0979731 0.8358528 0.3735985 0.4969107 7.8455824 0.5721671 0.8529509 0.4700664 0.5407436 0.4075587 0.5525104 0.6418989 0.5788039 0.5269761 0.5750664 0.1081731 0.6402540 0.6970374 7.4445393 0.4977068 0.3474581 0.4548243 0.4730746 0.3247009 0.4951250 0.0200658 0.3797496 0.4971202 0.3998625 0.4472649 0.4241600 0.5201381 0.1127551 0.3128614 0.6815888 0.3852218 0.4626044 0.5408683 0.5181076 0.3689697 0.4957370 0.4373143 5.1018733 
ACHA035-20_HLS20702_Auriculella_uniplicata       0.4827500 0.6541389 0.5122760 0.5080899 0.0000000 0.5833778 0.5129257 0.4452431 0.0240904 0.3876282 0.5957646 0.6284352 0.7573117 0.4414201 0.4396334 6.6411951 0.5318631 0.7732054 0.0928362 0.4697288 0.3996808 0.5884408 0.5936610 0.6106492 0.5072095 0.7290294 0.4559052 0.5920707 0.7317533 6.4199270 0.5633395 0.4230969 0.5107604 0.4906152 0.4523795 0.4460212 0.5304018 0.4603946 0.1789226 0.5312437 0.5351699 0.5542719 0.5368933 0.6450901 0.4400369 0.7317533 0.5188136 0.0240502 0.1381947 0.5802359 0.5224522 0.2019227 0.5673553 5.6924429 
ACHA048-20_HLS20198_Auriculella_turritella       0.5522867 0.5028231 0.4878934 0.5213560 0.5833778 0.0000000 0.4856156 0.5121526 0.6440439 0.4716134 0.5110334 0.5533476 0.6510852 0.5491886 0.4576142 5.5287061 0.4709709 0.6665215 0.5673185 0.3802614 0.5092189 0.0481286 0.4576128 0.5263011 0.5270815 0.6533348 0.5767660 0.4561218 0.5400606 5.4280645 0.6414391 0.5476092 0.0063382 0.5613588 0.5620987 0.3806000 0.5782612 0.5744988 0.5929531 0.6145667 0.4720732 0.0494336 0.6168175 0.5676786 0.5875591 0.5400606 0.5562139 0.6415465 0.6046690 0.0415947 0.6351048 0.5914215 0.0569024 5.8831072 
ACHA029-20_HLS20186_Auriculella_gagneorum        0.4708547 0.5732771 0.4002007 0.4605154 0.5129257 0.4856156 0.0000000 0.4692969 0.5034258 0.4958203 0.1443736 0.5003992 0.7650224 0.3438011 0.5694118 7.4215647 0.2706380 0.7811649 0.4950915 0.2107393 0.4958203 0.4781043 0.2882540 0.1330435 0.5844563 0.0872419 0.4091527 0.2869771 0.1599693 6.7373314 0.5249606 0.4088009 0.4285727 0.5382092 0.3572914 0.1742322 0.5217480 0.3966544 0.6061444 0.4610861 0.0061212 0.3886154 0.5877712 0.5109308 0.3758813 0.1599693 0.4360208 0.5048362 0.5421549 0.4539871 0.4182707 0.5903588 0.4005940 5.7604824 
ACHA018-20_HLS20747_Auriculella_ambusta          0.0266935 0.3599357 0.3646676 0.4063202 0.4452431 0.5121526 0.4692969 0.0000000 0.4362890 0.1160526 0.6166227 0.4594967 0.4503863 0.3383245 0.1729937 8.9999981 0.4259114 0.4635535 0.3123211 0.3491680 0.1378094 0.4806284 0.5348628 0.4267592 0.2332178 0.3919429 0.3751773 0.4154608 0.6027405 8.9999984 0.0277402 0.3316117 0.4884304 0.1300726 0.2482925 0.3267193 0.3722041 0.3554829 0.4349073 0.4096350 0.3775007 0.5514459 0.1059802 0.5076663 0.2460870 0.6027405 0.3104312 0.4731783 0.4402395 0.4868812 0.2974588 0.4334344 0.5657684 8.9999986 
ACHA031-20_HLS20126_Auriculella_uniplicata       0.4731783 0.6242550 0.5419367 0.4986289 0.0240904 0.6440439 0.5034258 0.4362890 0.0000000 0.4010426 0.6255355 0.6611471 0.7437280 0.4688372 0.4548134 6.2741594 0.5999299 0.7594045 0.1092324 0.4971507 0.4479657 0.6484941 0.6717867 0.6404281 0.5225166 0.7633025 0.4838243 0.6701723 0.7657456 6.5178341 0.5520102 0.4505345 0.5633816 0.4820666 0.4440949 0.4734442 0.5200250 0.4881175 0.2240571 0.5215191 0.5252874 0.6086669 0.5275584 0.6792147 0.4319114 0.7657456 0.5335502 0.0115435 0.1576041 0.6408665 0.5127308 0.2487393 0.6219177 5.3956738 
ACHA005-20_HLS20091_Auriculella_perpusilla       0.2100902 0.4177440 0.3844649 0.4323624 0.3876282 0.4716134 0.4958203 0.1160526 0.4010426 0.0000000 0.5440474 0.5705091 0.4819664 0.3339540 0.0064651 8.9999990 0.3398028 0.4958594 0.3933166 0.3520719 0.0258999 0.5150300 0.4930448 0.3888261 0.0411340 0.4712594 0.4045206 0.3880528 0.6268862 8.9999986 0.2260531 0.3729137 0.4144873 0.2335457 0.3145413 0.3086302 0.3850070 0.3974490 0.4222834 0.4046338 0.3987154 0.4681791 0.1767596 0.6289407 0.3027091 0.6268862 0.3194860 0.4339859 0.3958998 0.4840442 0.3723546 0.4209490 0.4807971 8.9999989 
ACHA027-20_HLS20138_Auriculella_gagneorum        0.5734198 0.6021680 0.4987905 0.6051587 0.5957646 0.5110334 0.1443736 0.6166227 0.6255355 0.5440474 0.0000000 0.5295720 0.7694121 0.4552486 0.6262225 6.5127551 0.3033972 0.7391581 0.5616204 0.2799845 0.5440474 0.5779453 0.3262174 0.0059170 0.6416012 0.2278667 0.4717758 0.3248586 0.0130288 5.5589359 0.6834083 0.4198078 0.4501218 0.5706660 0.4663406 0.2242330 0.6208856 0.4732081 0.5974340 0.5468500 0.1555951 0.4095177 0.6222124 0.5871413 0.4872358 0.0130288 0.5346628 0.6269890 0.5349439 0.4789267 0.5381267 0.5819881 0.4216988 5.2842619 
ACHA047-20_HLS20723_Auriculella_malleata         0.4610687 0.7582717 0.0360982 0.0979731 0.6284352 0.5533476 0.5003992 0.4594967 0.6611471 0.5705091 0.5295720 0.0000000 0.8747285 0.4545057 0.5553784 7.7503380 0.6475217 0.8415686 0.5837842 0.6502632 0.5404217 0.5844453 0.6324693 0.5029551 0.5856167 0.6073799 0.0432581 0.6308404 0.5172161 6.1830493 0.5553722 0.3898945 0.5681047 0.5786591 0.4008900 0.5238335 0.1212133 0.4249619 0.6515742 0.5227900 0.4861759 0.5337219 0.6205070 0.0361779 0.3880619 0.5029551 0.4758337 0.6176339 0.6643148 0.5501296 0.4552791 0.6500112 0.5485188 5.7355989 
ACHA052-20_HLS20232_Auriculella_perversa         0.4517086 0.4975809 0.8570726 0.8358528 0.7573117 0.6510852 0.7650224 0.4503863 0.7437280 0.4819664 0.7694121 0.8747285 0.0000000 0.5795164 0.4694743 5.4662066 0.7178194 0.0055095 0.7287550 0.7229383 0.4613594 0.6552351 0.7035325 0.7391581 0.4736995 0.7682597 0.8445934 0.7019776 0.7536762 6.3967295 0.4632177 0.6263434 0.6650114 0.5594657 0.4378478 0.7194268 0.8060043 0.7068029 0.7758513 0.6261230 0.7927460 0.6480717 0.6307829 0.8552682 0.4255275 0.7536762 0.5033395 0.7863438 0.7443631 0.6674347 0.4720901 0.7742793 0.6232285 6.2096333 
ACHA033-20_HLS20459_Auriculella_crassula         0.3397500 0.4589644 0.3641559 0.3735985 0.4414201 0.5491886 0.3438011 0.3383245 0.4688372 0.3339540 0.4552486 0.4545057 0.5795164 0.0000000 0.3783081 8.3555107 0.4027439 0.5940677 0.3939501 0.3092459 0.2837670 0.5941987 0.4448988 0.4331210 0.3841195 0.5902652 0.3728349 0.4433033 0.5206698 7.9542400 0.3806772 0.1904668 0.4806535 0.3662626 0.1126547 0.2883542 0.4007939 0.2423440 0.4097219 0.0480089 0.3622059 0.4313960 0.4060514 0.4624920 0.1325901 0.5206698 0.1704617 0.4346468 0.4490559 0.5228842 0.1646454 0.4083828 0.4440774 6.4448366 
ACHA039-20_HLS21705_Auriculella_perpusilla       0.1991377 0.4043663 0.5279519 0.4969107 0.4396334 0.4576142 0.5694118 0.1729937 0.4548134 0.0064651 0.6262225 0.5553784 0.4694743 0.3783081 0.0000000 7.4158993 0.4930448 0.4833510 0.4468049 0.5287929 0.0345263 0.5010891 0.4782267 0.5965010 0.0340199 0.6285355 0.5371285 0.5204742 0.6117029 6.7830732 0.2141849 0.4153584 0.4716134 0.2863623 0.3555228 0.4769634 0.4435354 0.4700712 0.4779389 0.5024677 0.5959495 0.5340775 0.2777806 0.6130154 0.3767554 0.6117029 0.3620524 0.4928195 0.4481024 0.4700584 0.4255152 0.4764504 0.5483657 4.5405888 
ACHA216-22_PCMB54681_Tornatellides_subperforatus 6.1904192 6.9571668 8.9999987 7.8455824 6.6411951 5.5287061 7.4215647 8.9999981 6.2741594 8.9999990 6.5127551 7.7503380 5.4662066 8.3555107 7.4158993 0.0000000 8.9999983 5.5466373 6.5119451 8.9999980 8.9999983 5.3437251 5.3964989 8.9999987 7.5198229 8.9999982 8.9999980 8.9999989 5.8145284 0.1944566 6.0543949 8.9999983 6.0629743 6.2958170 6.7062552 8.9999982 8.2623799 8.9999983 7.0194229 8.9999981 8.9999988 5.8053085 8.9999985 8.9762804 8.9999984 6.2213719 6.7946458 6.2807847 6.8213016 5.7587070 7.4129353 7.6266702 5.8850384 1.1384153 
ACHA010-20_HLS20134_Auriculella_tenella          0.5901866 0.6761418 0.5612164 0.5721671 0.5318631 0.4709709 0.2706380 0.4259114 0.5999299 0.3398028 0.3033972 0.6475217 0.7178194 0.4027439 0.4930448 8.9999983 0.0000000 0.7336867 0.5174937 0.1346058 0.3376330 0.4991595 0.0064774 0.2637488 0.5078188 0.2746191 0.6069625 0.0043415 0.3304331 8.9999987 0.6103107 0.4547367 0.3975907 0.5291815 0.4534340 0.1369376 0.6010884 0.5248898 0.5542422 0.4791685 0.2351960 0.3887340 0.4713803 0.6653520 0.3896672 0.3304331 0.5216342 0.5977766 0.5295621 0.4049512 0.5253165 0.5528650 0.4005431 8.9999985 
ACHA053-20_HLS21612_Auriculella_perversa         0.4648740 0.5119113 0.8231700 0.8529509 0.7732054 0.6665215 0.7811649 0.4635535 0.7594045 0.4958594 0.7391581 0.8415686 0.0055095 0.5940677 0.4833510 5.5466373 0.7336867 0.0000000 0.7445910 0.7385150 0.4750705 0.6705198 0.7193806 0.7097194 0.4874276 0.7842733 0.8115625 0.7178194 0.7240279 6.4978739 0.4769468 0.6416611 0.6804623 0.5730191 0.4515633 0.7355077 0.8060043 0.7225642 0.7916610 0.6412239 0.8090992 0.6635019 0.6449636 0.8214113 0.4392300 0.7240279 0.5182168 0.8022717 0.7600862 0.6829222 0.4865839 0.7900785 0.6384790 6.3109210 
ACHA028-20_HLS20149_Auriculella_uniplicata       0.3813457 0.6219036 0.4731132 0.4700664 0.0928362 0.5673185 0.4950915 0.3123211 0.1092324 0.3933166 0.5616204 0.5837842 0.7287550 0.3939501 0.4468049 6.5119451 0.5174937 0.7445910 0.0000000 0.4436363 0.4055138 0.5336910 0.5773858 0.5759871 0.5153283 0.7563789 0.4197676 0.5757917 0.6880757 6.1954172 0.4155420 0.3448765 0.4625895 0.3710515 0.3734443 0.3970862 0.4896096 0.3803499 0.1431903 0.4802362 0.5171379 0.5045345 0.4245306 0.5982980 0.3613587 0.6880757 0.4553427 0.1088884 0.1454589 0.4826615 0.4367325 0.1638928 0.5174937 5.3487269 
ACHA012-20_HLS20649_Auriculella_tenella          0.4798885 0.5902763 0.5034097 0.5407436 0.4697288 0.3802614 0.2107393 0.3491680 0.4971507 0.3520719 0.2799845 0.6502632 0.7229383 0.3092459 0.5287929 8.9999980 0.1346058 0.7385150 0.4436363 0.0000000 0.3286522 0.4069699 0.1747063 0.2173623 0.5432917 0.2679866 0.5413784 0.1411433 0.3031781 8.9999984 0.5329512 0.3855282 0.3219733 0.4424575 0.3525245 0.0574951 0.5803873 0.3541745 0.4147181 0.3685437 0.1816443 0.3154557 0.4007495 0.6524536 0.3479473 0.3031781 0.4311224 0.4625741 0.3915711 0.3538289 0.4134355 0.4133933 0.3266201 8.9999985 
ACHA008-20_HLS20187_Auriculella_perpusilla       0.2501311 0.4530848 0.3672648 0.4075587 0.3996808 0.5092189 0.4958203 0.1378094 0.4479657 0.0258999 0.5440474 0.5404217 0.4613594 0.2837670 0.0345263 8.9999983 0.3376330 0.4750705 0.4055138 0.3286522 0.0000000 0.5150300 0.4499115 0.3888261 0.0266182 0.4712594 0.3875298 0.3855764 0.6268862 8.9999985 0.2510801 0.3318658 0.4470323 0.2711403 0.2656176 0.2850689 0.3606020 0.3557747 0.4003683 0.3647790 0.3987154 0.4317500 0.1997000 0.5964662 0.2677086 0.6268862 0.2867295 0.4461503 0.4077580 0.4840442 0.3177381 0.3990452 0.4442391 8.9999987 
ACHA051-20_HLS20461_Auriculella_turritella       0.5194746 0.5088206 0.5192714 0.5525104 0.5884408 0.0481286 0.4781043 0.4806284 0.6484941 0.5150300 0.5779453 0.5844453 0.6552351 0.5941987 0.5010891 5.3437251 0.4991595 0.6705198 0.5336910 0.4069699 0.5150300 0.0000000 0.4858059 0.5934060 0.5326746 0.6433173 0.6086513 0.4843276 0.6073671 4.5024489 0.6044655 0.5926305 0.0403683 0.4892579 0.5286151 0.4086405 0.5942976 0.5797236 0.5977901 0.6611509 0.4647303 0.0562692 0.5409041 0.5996441 0.5530981 0.6073671 0.5224268 0.6460141 0.6094400 0.0483491 0.5978568 0.5962757 0.0637420 6.0745441 
ACHA042-20_HLS20524_Auriculella_tenella          0.5757273 0.6603349 0.6077307 0.6418989 0.5936610 0.4576128 0.2882540 0.5348628 0.6717867 0.4930448 0.3262174 0.6324693 0.7035325 0.4448988 0.4782267 5.3964989 0.0064774 0.7193806 0.5773858 0.1747063 0.4499115 0.4858059 0.0000000 0.3066002 0.4930448 0.3114072 0.6584467 0.0132649 0.3185196 4.3104516 0.5953135 0.4910026 0.4358723 0.6274815 0.5031625 0.1677096 0.6802042 0.5713170 0.6174521 0.5938480 0.2765811 0.4263624 0.6714097 0.6496499 0.4888006 0.3185196 0.5852777 0.6691930 0.5895774 0.3916930 0.5885235 0.6159008 0.4397538 5.2098004 
ACHA011-20_HLS20137_Auriculella_gagneorum        0.5457794 0.6195726 0.4308466 0.5788039 0.6106492 0.5263011 0.1330435 0.4267592 0.6404281 0.3888261 0.0059170 0.5029551 0.7391581 0.4331210 0.5965010 8.9999987 0.2637488 0.7097194 0.5759871 0.2173623 0.3888261 0.5934060 0.3066002 0.0000000 0.6117029 0.1730696 0.4398589 0.2745179 0.0063669 8.9999989 0.6526655 0.4657263 0.4636286 0.5849731 0.4440720 0.1730473 0.5925591 0.4968678 0.6115214 0.4781960 0.1292078 0.4230694 0.4713887 0.5582706 0.4129226 0.0063669 0.5098026 0.6418827 0.5488234 0.4942333 0.5135652 0.5960583 0.4352382 8.9999986 
ACHA040-20_HLS21703_Auriculella_perpusilla       0.2614051 0.4296143 0.5419238 0.5269761 0.5072095 0.5270815 0.5844563 0.2332178 0.5225166 0.0411340 0.6416012 0.5856167 0.4736995 0.3841195 0.0340199 7.5198229 0.5078188 0.4874276 0.5153283 0.5432917 0.0266182 0.5326746 0.4930448 0.6117029 0.0000000 0.6435079 0.5679225 0.5353887 0.6268862 6.8852972 0.2630103 0.4066105 0.5411947 0.3246249 0.3615922 0.4481439 0.4742753 0.4605618 0.5047749 0.5069609 0.6111445 0.5239880 0.3147845 0.6272189 0.3825902 0.6268862 0.3681417 0.5617794 0.4749606 0.5017029 0.4310048 0.5032965 0.5381123 4.5383813 
ACHA017-20_HLS20878_Auriculella_gagneorum        0.5142364 0.6342303 0.5630980 0.5750664 0.7290294 0.6533348 0.0872419 0.3919429 0.7633025 0.4712594 0.2278667 0.6073799 0.7682597 0.5902652 0.6285355 8.9999982 0.2746191 0.7842733 0.7563789 0.2679866 0.4712594 0.6433173 0.3114072 0.1730696 0.6435079 0.0000000 0.6016935 0.2655215 0.2226588 8.9999986 0.5705309 0.6501727 0.6677972 0.7273580 0.6071080 0.2291875 0.6390722 0.6577746 0.8403385 0.6001016 0.0618574 0.6197516 0.5884890 0.6232786 0.4964413 0.1980064 0.6978168 0.7650080 0.7611795 0.6197516 0.6997345 0.8213225 0.6341932 8.9999985 
ACHA007-20_HLS20655_Auriculella_malleata         0.4424310 0.7413183 0.0280964 0.1081731 0.4559052 0.5767660 0.4091527 0.3751773 0.4838243 0.4045206 0.4717758 0.0432581 0.8445934 0.3728349 0.5371285 8.9999980 0.6069625 0.8115625 0.4197676 0.5413784 0.3875298 0.6086513 0.6584467 0.4398589 0.5679225 0.6016935 0.0000000 0.6586125 0.5427237 8.9999981 0.5373768 0.4028522 0.5018311 0.4808266 0.3282366 0.4507358 0.1312882 0.4176763 0.4794816 0.4427549 0.4804851 0.4705312 0.4315074 0.0533952 0.3505360 0.5280665 0.4015511 0.4488066 0.4882584 0.5734771 0.3852617 0.4781243 0.4839812 8.9999986 
ACHA019-20_HLS20347_Auriculella_tenella          0.5741577 0.6586221 0.6092712 0.6402540 0.5920707 0.4561218 0.2869771 0.4154608 0.6701723 0.3880528 0.3248586 0.6308404 0.7019776 0.4433033 0.5204742 8.9999989 0.0043415 0.7178194 0.5757917 0.1411433 0.3855764 0.4843276 0.0132649 0.2745179 0.5353887 0.2655215 0.6586125 0.0000000 0.3171868 8.9999988 0.5936880 0.4899500 0.4343897 0.5865789 0.5015810 0.1441522 0.6784346 0.5677425 0.6159008 0.5162896 0.2430652 0.4248549 0.5049107 0.6479497 0.4161258 0.3171868 0.5836072 0.6675829 0.5880220 0.3901909 0.5868767 0.6143494 0.4382525 8.9999988 
ACHA050-20_HLS20539_Auriculella_gagneorum        0.5602704 0.6352535 0.5749372 0.6970374 0.7317533 0.5400606 0.1599693 0.6027405 0.7657456 0.6268862 0.0130288 0.5172161 0.7536762 0.5206698 0.6117029 5.8145284 0.3304331 0.7240279 0.6880757 0.3031781 0.6268862 0.6073671 0.3185196 0.0063669 0.6268862 0.2226588 0.5427237 0.3171868 0.0000000 5.2587844 0.6679855 0.5213181 0.5538266 0.6975638 0.5331113 0.2406059 0.7217401 0.5844787 0.7260977 0.6728090 0.1726942 0.5080061 0.7593371 0.5733059 0.5573409 0.0128288 0.6154417 0.7674385 0.6533947 0.5080061 0.6182288 0.7084286 0.5217770 5.5774112 
ACHA002-20_HLS20002_Tornatellides_sp             5.4721543 5.6475184 8.9999985 7.4445393 6.4199270 5.4280645 6.7373314 8.9999984 6.5178341 8.9999986 5.5589359 6.1830493 6.3967295 7.9542400 6.7830732 0.1944566 8.9999987 6.4978739 6.1954172 8.9999984 8.9999985 4.5024489 4.3104516 8.9999989 6.8852972 8.9999986 8.9999981 8.9999988 5.2587844 0.0000000 5.3538879 8.9999990 5.6153895 5.4242325 7.3743195 8.9999987 8.2688701 8.9999981 6.5403872 8.9999981 8.9999981 5.3678735 8.9999980 7.8491939 8.9999989 5.2587844 6.9247800 6.5258639 5.8932113 4.9194699 7.5955151 7.0419757 5.4452495 1.1535693 
ACHA044-20_HLS20879_Auriculella_ambusta          0.0431324 0.4052377 0.5283349 0.4977068 0.5633395 0.6414391 0.5249606 0.0277402 0.5520102 0.2260531 0.6834083 0.5553722 0.4632177 0.3806772 0.2141849 6.0543949 0.6103107 0.4769468 0.4155420 0.5329512 0.2510801 0.6044655 0.5953135 0.6526655 0.2630103 0.5705309 0.5373768 0.5936880 0.6679855 5.3538879 0.0000000 0.3261361 0.6144266 0.1837386 0.2503648 0.5220766 0.4468334 0.3745721 0.5225055 0.5175047 0.5503680 0.6549674 0.1776410 0.6121900 0.2675266 0.6679855 0.3168858 0.5931534 0.5293850 0.6128018 0.3028728 0.5209706 0.6701318 5.8195468 
ACHA006-20_HLS20597_Auriculella_crassula         0.2897996 0.4346311 0.3828073 0.3474581 0.4230969 0.5476092 0.4088009 0.3316117 0.4505345 0.3729137 0.4198078 0.3898945 0.6263434 0.1904668 0.4153584 8.9999983 0.4547367 0.6416611 0.3448765 0.3855282 0.3318658 0.5926305 0.4910026 0.4657263 0.4066105 0.6501727 0.4028522 0.4899500 0.5213181 8.9999990 0.3261361 0.0000000 0.4454959 0.2967577 0.1258309 0.3410367 0.3591880 0.0538608 0.3618572 0.2213871 0.4879240 0.4158310 0.3754952 0.3948114 0.1710521 0.5213181 0.1588732 0.4165703 0.3995079 0.5053801 0.1538831 0.3938315 0.4285425 8.9999985 
ACHA030-20_HLS20153_Auriculella_turritella       0.5278472 0.4788465 0.4252726 0.4548243 0.5107604 0.0063382 0.4285727 0.4884304 0.5633816 0.4144873 0.4501218 0.5681047 0.6650114 0.4806535 0.4716134 6.0629743 0.3975907 0.6804623 0.4625895 0.3219733 0.4470323 0.0403683 0.4358723 0.4636286 0.5411947 0.6677972 0.5018311 0.4343897 0.5538266 5.6153895 0.6144266 0.4454959 0.0000000 0.4613085 0.4581571 0.3194886 0.4992266 0.4678679 0.4875411 0.5357204 0.4166144 0.0376399 0.5073439 0.5828461 0.4792363 0.5538266 0.4516654 0.5613110 0.4964842 0.0338982 0.5154619 0.4861768 0.0441952 5.8051734 
ACHA036-20_HLS20183_Auriculella_ambusta          0.1727025 0.4781361 0.4727437 0.4730746 0.4906152 0.5613588 0.5382092 0.1300726 0.4820666 0.2335457 0.5706660 0.5786591 0.5594657 0.3662626 0.2863623 6.2958170 0.5291815 0.5730191 0.3710515 0.4424575 0.2711403 0.4892579 0.6274815 0.5849731 0.3246249 0.7273580 0.4808266 0.5865789 0.6975638 5.4242325 0.1837386 0.2967577 0.4613085 0.0000000 0.3080679 0.4634682 0.4919830 0.3234809 0.4493125 0.4436769 0.5600733 0.4821188 0.0226478 0.6791264 0.3234809 0.6975638 0.3705073 0.5154671 0.4541816 0.4990279 0.3569395 0.4480173 0.4944358 5.7840696 
ACHA024-20_HLS20454_Auriculella_crassula         0.2227206 0.3940430 0.3197329 0.3247009 0.4523795 0.5620987 0.3572914 0.2482925 0.4440949 0.3145413 0.4663406 0.4008900 0.4378478 0.1126547 0.3555228 6.7062552 0.4534340 0.4515633 0.3734443 0.3525245 0.2656176 0.5286151 0.5031625 0.4440720 0.3615922 0.6071080 0.3282366 0.5015810 0.5331113 7.3743195 0.2503648 0.1258309 0.4581571 0.3080679 0.0000000 0.2700262 0.3347276 0.1460052 0.4515976 0.1429075 0.3758813 0.4096160 0.3427613 0.4062654 0.0186397 0.5331113 0.0266327 0.4106105 0.4598598 0.4971560 0.0261176 0.4502552 0.4221779 5.8049560 
ACHA009-20_HLS20647_Auriculella_tenella          0.4672645 0.5359050 0.4103216 0.4951250 0.4460212 0.3806000 0.1742322 0.3267193 0.4734442 0.3086302 0.2242330 0.5238335 0.7194268 0.2883542 0.4769634 8.9999982 0.1369376 0.7355077 0.3970862 0.0574951 0.2850689 0.4086405 0.1677096 0.1730473 0.4481439 0.2291875 0.4507358 0.1441522 0.2406059 8.9999987 0.5220766 0.3410367 0.3194886 0.4634682 0.2700262 0.0000000 0.5329480 0.3551135 0.5190649 0.3426379 0.1491477 0.3125948 0.3805203 0.5188693 0.2792566 0.2406059 0.3371109 0.4391837 0.4942982 0.3527612 0.3228118 0.5176759 0.3243381 8.9999984 
ACHA038-20_HLS21113_Auriculella_malleata         0.3596520 0.6593739 0.1016529 0.0200658 0.5304018 0.5782612 0.5217480 0.3722041 0.5200250 0.3850070 0.6208856 0.1212133 0.8060043 0.4007939 0.4435354 8.2623799 0.6010884 0.8060043 0.4896096 0.5803873 0.3606020 0.5942976 0.6802042 0.5925591 0.4742753 0.6390722 0.1312882 0.6784346 0.7217401 8.2688701 0.4468334 0.3591880 0.4992266 0.4919830 0.3347276 0.5329480 0.0000000 0.4067288 0.5178834 0.4287341 0.5075176 0.4662743 0.4758408 0.1397668 0.3221070 0.7051488 0.4008699 0.4813836 0.5650373 0.5925614 0.3829676 0.5164184 0.4804348 4.8156238 
ACHA003-20_HLS20637_Auriculella_crassula         0.3345609 0.5007304 0.3882867 0.3797496 0.4603946 0.5744988 0.3966544 0.3554829 0.4881175 0.3974490 0.4732081 0.4249619 0.7068029 0.2423440 0.4700712 8.9999983 0.5248898 0.7225642 0.3803499 0.3541745 0.3557747 0.5797236 0.5713170 0.4968678 0.4605618 0.6577746 0.4176763 0.5677425 0.5844787 8.9999981 0.3745721 0.0538608 0.4678679 0.3234809 0.1460052 0.3551135 0.4067288 0.0000000 0.3965172 0.2504160 0.4675906 0.4379465 0.3972015 0.4178768 0.1983091 0.5844787 0.1825333 0.4532882 0.4039604 0.5315238 0.1765554 0.3618572 0.4507777 8.9999986 
ACHA037-20_HLS20131_Auriculella_uniplicata       0.4712363 0.6476279 0.5358498 0.4971202 0.1789226 0.5929531 0.6061444 0.4349073 0.2240571 0.4222834 0.5974340 0.6515742 0.7758513 0.4097219 0.4779389 7.0194229 0.5542422 0.7916610 0.1431903 0.4147181 0.4003683 0.5977901 0.6174521 0.6115214 0.5047749 0.8403385 0.4794816 0.6159008 0.7260977 6.5403872 0.5225055 0.3618572 0.4875411 0.4493125 0.4515976 0.5190649 0.5178834 0.3965172 0.0000000 0.4944602 0.6294119 0.4918115 0.5047908 0.6688318 0.4395909 0.7260977 0.5161660 0.2230844 0.0376830 0.5513222 0.5197495 0.0241216 0.5042920 5.5120642 
ACHA013-20_HLS20458_Auriculella_crassula         0.4652996 0.4882611 0.4156330 0.3998625 0.5312437 0.6145667 0.4610861 0.4096350 0.5215191 0.4046338 0.5468500 0.5227900 0.6261230 0.0480089 0.5024677 8.9999981 0.4791685 0.6412239 0.4802362 0.3685437 0.3647790 0.6611509 0.5938480 0.4781960 0.5069609 0.6001016 0.4427549 0.5162896 0.6728090 8.9999981 0.5175047 0.2213871 0.5357204 0.4436769 0.1429075 0.3426379 0.4287341 0.2504160 0.4944602 0.0000000 0.4227321 0.4840535 0.4312233 0.5196193 0.1864146 0.6728090 0.1925756 0.4853271 0.5380470 0.5865581 0.1858536 0.4930790 0.4972099 8.9999981 
ACHA015-20_HLS20185_Auriculella_gagneorum        0.4943645 0.6007086 0.4204141 0.4472649 0.5351699 0.4720732 0.0061212 0.3775007 0.5252874 0.3987154 0.1555951 0.4861759 0.7927460 0.3622059 0.5959495 8.9999988 0.2351960 0.8090992 0.5171379 0.1816443 0.3987154 0.4647303 0.2765811 0.1292078 0.6111445 0.0618574 0.4804851 0.2430652 0.1726942 8.9999981 0.5503680 0.4879240 0.4166144 0.5600733 0.3758813 0.1491477 0.5075176 0.4675906 0.6294119 0.4227321 0.0000000 0.3766274 0.4909563 0.4960851 0.3866645 0.1726942 0.4574785 0.5267051 0.5644372 0.4404115 0.4389208 0.6134423 0.3886154 8.9999986 
ACHA022-20_HLS20335_Auriculella_turritella       0.5530058 0.4471626 0.3812309 0.4241600 0.5542719 0.0494336 0.3886154 0.5514459 0.6086669 0.4681791 0.4095177 0.5337219 0.6480717 0.4313960 0.5340775 5.8053085 0.3887340 0.6635019 0.5045345 0.3154557 0.4317500 0.0562692 0.4263624 0.4230694 0.5239880 0.6197516 0.4705312 0.4248549 0.5080061 5.3678735 0.6549674 0.4158310 0.0376399 0.4821188 0.4096160 0.3125948 0.4662743 0.4379465 0.4918115 0.4840535 0.3766274 0.0000000 0.5292620 0.5323066 0.4299699 0.5080061 0.4023832 0.5701972 0.5009189 0.0342093 0.4632316 0.4904321 0.0058535 5.5476858 
ACHA016-20_HLS20184_Auriculella_ambusta          0.1673846 0.5151195 0.4229663 0.5201381 0.5368933 0.6168175 0.5877712 0.1059802 0.5275584 0.1767596 0.6222124 0.6205070 0.6307829 0.4060514 0.2777806 8.9999985 0.4713803 0.6449636 0.4245306 0.4007495 0.1997000 0.5409041 0.6714097 0.4713887 0.3147845 0.5884890 0.4315074 0.5049107 0.7593371 8.9999980 0.1776410 0.3754952 0.5073439 0.0226478 0.3427613 0.3805203 0.4758408 0.3972015 0.5047908 0.4312233 0.4909563 0.5292620 0.0000000 0.7265420 0.3374304 0.7593371 0.4110695 0.5623259 0.5104447 0.5516310 0.3958721 0.5034782 0.5418885 8.9999982 
ACHA041-20_HLS20731_Auriculella_malleata         0.5092994 0.7544670 0.0448440 0.1127551 0.6450901 0.5676786 0.5109308 0.5076663 0.6792147 0.6289407 0.5871413 0.0361779 0.8552682 0.4624920 0.6130154 8.9762804 0.6653520 0.8214113 0.5982980 0.6524536 0.5964662 0.5996441 0.6496499 0.5582706 0.6272189 0.6232786 0.0533952 0.6479497 0.5733059 7.8491939 0.6121900 0.3948114 0.5828461 0.6791264 0.4062654 0.5188693 0.1397668 0.4178768 0.6688318 0.5196193 0.4960851 0.5323066 0.7265420 0.0000000 0.3928924 0.5582706 0.4852639 0.6335993 0.6823539 0.5643796 0.4257670 0.6671999 0.5475287 6.3148905 
ACHA004-20_HLS20609_Auriculella_crassula         0.2382461 0.4164497 0.3406073 0.3128614 0.4400369 0.5875591 0.3758813 0.2460870 0.4319114 0.3027091 0.4872358 0.3880619 0.4255275 0.1325901 0.3767554 8.9999984 0.3896672 0.4392300 0.3613587 0.3479473 0.2677086 0.5530981 0.4888006 0.4129226 0.3825902 0.4964413 0.3505360 0.4161258 0.5573409 8.9999989 0.2675266 0.1710521 0.4792363 0.3234809 0.0186397 0.2792566 0.3221070 0.1983091 0.4395909 0.1864146 0.3866645 0.4299699 0.3374304 0.3928924 0.0000000 0.5191376 0.0491481 0.3985747 0.4476958 0.5213123 0.0480917 0.4382447 0.4426576 8.9999987 
ACHA046-20_HLS20536_Auriculella_gagneorum        0.5602704 0.6352535 0.5599066 0.6815888 0.7317533 0.5400606 0.1599693 0.6027405 0.7657456 0.6268862 0.0130288 0.5029551 0.7536762 0.5206698 0.6117029 6.2213719 0.3304331 0.7240279 0.6880757 0.3031781 0.6268862 0.6073671 0.3185196 0.0063669 0.6268862 0.1980064 0.5280665 0.3171868 0.0128288 5.2587844 0.6679855 0.5213181 0.5538266 0.6975638 0.5331113 0.2406059 0.7051488 0.5844787 0.7260977 0.6728090 0.1726942 0.5080061 0.7593371 0.5582706 0.5191376 0.0000000 0.6154417 0.7674385 0.6533947 0.5080061 0.6182288 0.7084286 0.5217770 5.2034581 
ACHA020-20_HLS20595_Auriculella_crassula         0.2804663 0.3401544 0.3782193 0.3852218 0.5188136 0.5562139 0.4360208 0.3104312 0.5335502 0.3194860 0.5346628 0.4758337 0.5033395 0.1704617 0.3620524 6.7946458 0.5216342 0.5182168 0.4553427 0.4311224 0.2867295 0.5224268 0.5852777 0.5098026 0.3681417 0.6978168 0.4015511 0.5836072 0.6154417 6.9247800 0.3168858 0.1588732 0.4516654 0.3705073 0.0266327 0.3371109 0.4008699 0.1825333 0.5161660 0.1925756 0.4574785 0.4023832 0.4110695 0.4852639 0.0491481 0.6154417 0.0000000 0.4958608 0.5259387 0.4904923 0.0126728 0.5147431 0.4151683 5.2060182 
ACHA032-20_HLS20127_Auriculella_uniplicata       0.4746721 0.6258871 0.5039448 0.4626044 0.0240502 0.6415465 0.5048362 0.4731783 0.0115435 0.4339859 0.6269890 0.6176339 0.7863438 0.4346468 0.4928195 6.2807847 0.5977766 0.8022717 0.1088884 0.4625741 0.4461503 0.6460141 0.6691930 0.6418827 0.5617794 0.7650080 0.4488066 0.6675829 0.7674385 6.5258639 0.5931534 0.4165703 0.5613110 0.5154671 0.4106105 0.4391837 0.4813836 0.4532882 0.2230844 0.4853271 0.5267051 0.5701972 0.5623259 0.6335993 0.3985747 0.7674385 0.4958608 0.0000000 0.1797322 0.6383763 0.4762307 0.2476504 0.5832766 5.3992143 
ACHA025-20_HLS20708_Auriculella_uniplicata       0.4771106 0.6565129 0.5459390 0.5408683 0.1381947 0.6046690 0.5421549 0.4402395 0.1576041 0.3958998 0.5349439 0.6643148 0.7443631 0.4490559 0.4481024 6.8213016 0.5295621 0.7600862 0.1454589 0.3915711 0.4077580 0.6094400 0.5895774 0.5488234 0.4749606 0.7611795 0.4882584 0.5880220 0.6533947 5.8932113 0.5293850 0.3995079 0.4964842 0.4541816 0.4598598 0.4942982 0.5650373 0.4039604 0.0376830 0.5380470 0.5644372 0.5009189 0.5104447 0.6823539 0.4476958 0.6533947 0.5259387 0.1797322 0.0000000 0.5623469 0.5294358 0.0516681 0.5135568 5.0038592 
ACHA045-20_HLS20816_Auriculella_turritella       0.5262992 0.4772686 0.4845927 0.5181076 0.5802359 0.0415947 0.4539871 0.4868812 0.6408665 0.4840442 0.4789267 0.5501296 0.6674347 0.5228842 0.4700584 5.7587070 0.4049512 0.6829222 0.4826615 0.3538289 0.4840442 0.0483491 0.3916930 0.4942333 0.5017029 0.6197516 0.5734771 0.3901909 0.5080061 4.9194699 0.6128018 0.5053801 0.0338982 0.4990279 0.4971560 0.3527612 0.5925614 0.5315238 0.5513222 0.5865581 0.4404115 0.0342093 0.5516310 0.5643796 0.5213123 0.5080061 0.4904923 0.6383763 0.5623469 0.0000000 0.5645014 0.5498002 0.0413631 5.7814459 
ACHA023-20_HLS20607_Auriculella_crassula         0.2688200 0.4001414 0.3625467 0.3689697 0.5224522 0.6351048 0.4182707 0.2974588 0.5127308 0.3723546 0.5381267 0.4552791 0.4720901 0.1646454 0.4255152 7.4129353 0.5253165 0.4865839 0.4367325 0.4134355 0.3177381 0.5978568 0.5885235 0.5135652 0.4310048 0.6997345 0.3852617 0.5868767 0.6182288 7.5955151 0.3028728 0.1538831 0.5154619 0.3569395 0.0261176 0.3228118 0.3829676 0.1765554 0.5197495 0.1858536 0.4389208 0.4632316 0.3958721 0.4257670 0.0480917 0.6182288 0.0126728 0.4762307 0.5294358 0.5645014 0.0000000 0.5183470 0.4765992 5.9831733 
ACHA034-20_HLS20130_Auriculella_uniplicata       0.4697616 0.6460107 0.5344246 0.4957370 0.2019227 0.5914215 0.5903588 0.4334344 0.2487393 0.4209490 0.5819881 0.6500112 0.7742793 0.4083828 0.4764504 7.6266702 0.5528650 0.7900785 0.1638928 0.4133933 0.3990452 0.5962757 0.6159008 0.5960583 0.5032965 0.8213225 0.4781243 0.6143494 0.7084286 7.0419757 0.5209706 0.3938315 0.4861768 0.4480173 0.4502552 0.5176759 0.5164184 0.3618572 0.0241216 0.4930790 0.6134423 0.4904321 0.5034782 0.6671999 0.4382447 0.7084286 0.5147431 0.2476504 0.0516681 0.5498002 0.5183470 0.0000000 0.5029172 5.5460298 
ACHA026-20_HLS20336_Auriculella_turritella       0.5673244 0.4614387 0.3944695 0.4373143 0.5673553 0.0569024 0.4005940 0.5657684 0.6219177 0.4807971 0.4216988 0.5485188 0.6232285 0.4440774 0.5483657 5.8850384 0.4005431 0.6384790 0.5174937 0.3266201 0.4442391 0.0637420 0.4397538 0.4352382 0.5381123 0.6341932 0.4839812 0.4382525 0.5217770 5.4452495 0.6701318 0.4285425 0.0441952 0.4944358 0.4221779 0.3243381 0.4804348 0.4507777 0.5042920 0.4972099 0.3886154 0.0058535 0.5418885 0.5475287 0.4426576 0.5217770 0.4151683 0.5832766 0.5135568 0.0413631 0.4765992 0.5029172 0.0000000 5.6277340 
ACHA001-20_HLS20486_Tornatellaria_sp             5.3980761 5.4807500 8.9999987 5.1018733 5.6924429 5.8831072 5.7604824 8.9999986 5.3956738 8.9999989 5.2842619 5.7355989 6.2096333 6.4448366 4.5405888 1.1384153 8.9999985 6.3109210 5.3487269 8.9999985 8.9999987 6.0745441 5.2098004 8.9999986 4.5383813 8.9999985 8.9999986 8.9999988 5.5774112 1.1535693 5.8195468 8.9999985 5.8051734 5.7840696 5.8049560 8.9999984 4.8156238 8.9999986 5.5120642 8.9999981 8.9999986 5.5476858 8.9999982 6.3148905 8.9999987 5.2034581 5.2060182 5.3992143 5.0038592 5.7814459 5.9831733 5.5460298 5.6277340 0.0000000 
