54
ACHA009-20_HLS20647_Auriculella_tenella          0.0000000 0.5341664 0.3035580 0.2959374 0.3991197 0.3863430 0.2229760 8.9999983 0.2773921 0.0580705 0.4313917 0.3598942 0.4159567 0.2841215 0.4409020 0.3644281 0.4327153 0.3369174 0.3063388 0.3569112 0.5249975 0.1707264 0.4781884 0.2242694 0.6786915 0.3367730 0.2941128 8.9999981 0.1334551 0.3402668 0.4697768 0.4780405 0.5212342 0.1653331 0.5149385 0.6664278 0.2401208 0.3740277 0.1457909 0.4992512 0.5538613 0.4619486 0.1716348 0.1410141 0.3730774 0.3043207 0.5176773 0.2957310 0.4383523 0.5156911 8.9999981 0.3371121 0.5269247 0.2401208 
ACHA044-20_HLS20879_Auriculella_ambusta          0.5341664 0.0000000 0.5669308 0.3578428 0.4050598 0.5606844 0.6430931 6.1995968 0.2490007 0.5290707 0.5055692 0.3246448 0.2479798 0.2651155 0.1711755 0.5865235 0.5538470 0.3025191 0.6250099 0.4782185 0.5678859 0.5351598 0.1946334 0.5719381 0.4193383 0.3033284 0.2547864 5.5408996 0.5901875 0.5655406 0.5224198 0.0415863 0.3778380 0.5793635 0.4828771 0.4084912 0.6309849 0.3699602 0.5549898 0.5133195 0.4257920 0.5222438 0.6194512 0.5774202 0.1656134 0.2048136 0.5101376 0.6138555 0.5316291 0.5080407 6.6543291 0.0268920 0.5235536 0.6309849 
ACHA030-20_HLS20153_Auriculella_turritella       0.3035580 0.5669308 0.0000000 0.4644905 0.4472839 0.0400100 0.4474999 6.3788601 0.4457108 0.2998668 0.4039448 0.4340837 0.5045450 0.4623976 0.4408670 0.0063487 0.5241765 0.4704069 0.0437248 0.5222004 0.5438258 0.4047763 0.4716302 0.6321348 0.6366142 0.5109778 0.4409174 6.3006679 0.3878429 0.0336548 0.4890911 0.5054604 0.4698432 0.4280357 0.4367692 0.6247599 0.5377626 0.4493855 0.3949516 0.4906833 0.5005073 0.5274364 0.4591076 0.4257891 0.4882891 0.4139344 0.4826118 0.0373045 0.4998740 0.4805662 6.7143787 0.4742532 0.5449117 0.5377626 
ACHA033-20_HLS20459_Auriculella_crassula         0.2959374 0.3578428 0.4644905 0.0000000 0.3960288 0.5597286 0.4541887 7.2948461 0.1095407 0.3200342 0.3629559 0.1826775 0.3435381 0.1370831 0.3414588 0.5266142 0.4320352 0.1567170 0.4318824 0.0460020 0.4529196 0.3449196 0.3390190 0.5721012 0.5280337 0.1583407 0.2736865 8.9999987 0.4034272 0.5059226 0.3745005 0.3215216 0.4396001 0.4493119 0.3843370 0.5175834 0.5123399 0.2310590 0.3615061 0.4423807 0.4101724 0.4607355 0.4347687 0.4468904 0.3785123 0.3003353 0.4099072 0.4214754 0.4375537 0.4078809 8.9999985 0.3196350 0.4454670 0.5123399 
ACHA028-20_HLS20149_Auriculella_uniplicata       0.3991197 0.4050598 0.4472839 0.3960288 0.0000000 0.5175542 0.5396940 5.8561851 0.3771958 0.4397073 0.4798504 0.3490910 0.4686440 0.3667764 0.3675255 0.5425088 0.1061541 0.4522714 0.4921526 0.4816262 0.5899630 0.4987222 0.4171207 0.7352939 0.6539042 0.4476064 0.3980253 6.9933756 0.5092694 0.4697498 0.4217362 0.3849065 0.5942890 0.5666820 0.4736586 0.6424269 0.6396491 0.3836627 0.5159371 0.1417843 0.4993851 0.1064254 0.5507948 0.5647205 0.4250200 0.3667502 0.1394229 0.4818306 0.0907311 0.1593841 7.5282494 0.3199993 0.5760151 0.6396491 
ACHA051-20_HLS20461_Auriculella_turritella       0.3863430 0.5606844 0.0400100 0.5597286 0.5175542 0.0000000 0.5495296 6.7176044 0.5114529 0.3739387 0.4903047 0.5583043 0.4991933 0.5294579 0.4701061 0.0476700 0.5978180 0.5404634 0.0628982 0.6291850 0.5514330 0.4491192 0.4952906 0.6092400 0.6301630 0.5876459 0.5057681 4.3451084 0.4736411 0.0478001 0.5858124 0.5001181 0.4943269 0.4637871 0.5263695 0.6184406 0.5706625 0.5442072 0.4387704 0.5869273 0.5918269 0.6009362 0.5610348 0.4616743 0.5232716 0.5057681 0.5780085 0.0556244 0.5710724 0.5762060 5.5544520 0.4690093 0.5524770 0.5706625 
ACHA027-20_HLS20138_Auriculella_gagneorum        0.2229760 0.6430931 0.4474999 0.4541887 0.5396940 0.5495296 0.0000000 6.0350743 0.4616952 0.2608282 0.5152829 0.4274555 0.6226187 0.4776617 0.5294545 0.5057848 0.6086526 0.5408280 0.4181275 0.5406408 0.5956408 0.1447323 0.6251840 0.2268471 0.6791170 0.5369026 0.5487396 6.3048716 0.2983069 0.4749263 0.5014675 0.5439270 0.6183202 0.3233599 0.6205944 0.7022157 0.0130179 0.4711764 0.1557972 0.5200773 0.6361317 0.6070745 0.0059103 0.3214415 0.5954537 0.5487396 0.5671187 0.4081494 0.5842972 0.5541662 7.5757215 0.5774796 0.5472834 0.0130179 
ACHA001-20_HLS20486_Tornatellaria_sp             8.9999983 6.1995968 6.3788601 7.2948461 5.8561851 6.7176044 6.0350743 0.0000000 6.2076135 8.9999983 8.9999986 8.9999987 4.2600011 8.9999983 6.4535645 6.4025974 5.5021064 5.4782540 6.0305493 8.9999988 7.2063373 6.5492465 4.3414557 8.9999983 6.9366689 6.4707100 8.9999985 1.2144064 8.9999986 6.1649354 8.9999982 5.8034216 5.7028762 5.7885963 5.3574983 6.7703877 6.4198674 8.9999990 8.9999984 5.1209074 4.9680770 5.4789544 8.9999986 8.9999988 8.9999981 8.9999982 6.0003973 5.9115023 6.0951894 6.1668657 1.1982366 8.9999983 6.4062875 5.7823749 
ACHA024-20_HLS20454_Auriculella_crassula         0.2773921 0.2490007 0.4457108 0.1095407 0.3771958 0.5114529 0.4616952 6.2076135 0.0000000 0.3604489 0.2985963 0.1232069 0.3434984 0.0186102 0.2970235 0.5350125 0.4085773 0.0256424 0.4123600 0.1326260 0.3707847 0.3581182 0.3389744 0.5857922 0.4068432 0.0258986 0.2732090 8.4881700 0.4494731 0.4849699 0.3077643 0.2219551 0.3818373 0.4997406 0.3093573 0.3957245 0.5203276 0.1427635 0.3746204 0.4496751 0.3169780 0.4375561 0.4424055 0.4975135 0.3302214 0.3001240 0.4423344 0.4017603 0.4451422 0.4403620 7.3490630 0.2455079 0.3670787 0.5203276 
ACHA012-20_HLS20649_Auriculella_tenella          0.0580705 0.5290707 0.2998668 0.3200342 0.4397073 0.3739387 0.2608282 8.9999983 0.3604489 0.0000000 0.5180406 0.3968936 0.4891555 0.3541652 0.4219344 0.3538255 0.4545127 0.4317894 0.3023952 0.3866735 0.6413427 0.2052116 0.5078321 0.2618153 0.6669075 0.4280801 0.3323419 8.9999988 0.1306731 0.3322499 0.5525029 0.4768734 0.5516019 0.1707878 0.5387163 0.6551111 0.2821331 0.3677691 0.1765573 0.3934749 0.5770329 0.4838826 0.2048167 0.1374256 0.3909183 0.3418343 0.4128801 0.2927894 0.4603560 0.4107549 8.9999990 0.3536000 0.6358241 0.2821331 
ACHA014-20_HLS20730_Auriculella_malleata         0.4313917 0.5055692 0.4039448 0.3629559 0.4798504 0.4903047 0.5152829 8.9999986 0.2985963 0.5180406 0.0000000 0.3883753 0.4918230 0.3489697 0.4492378 0.4687320 0.5025350 0.3441030 0.3728294 0.4282665 0.0446371 0.4134071 0.4876413 0.5896832 0.7465622 0.3437750 0.3617470 8.9999982 0.5807381 0.4633905 0.0278540 0.4178203 0.6863596 0.6191082 0.0809955 0.7725452 0.5859110 0.3935845 0.4467903 0.5413201 0.0998225 0.5334108 0.4638256 0.6283417 0.4121592 0.3620653 0.5327476 0.3606627 0.5091117 0.5307873 8.9999981 0.3580666 0.0358825 0.5687918 
ACHA006-20_HLS20597_Auriculella_crassula         0.3598942 0.3246448 0.4340837 0.1826775 0.3490910 0.5583043 0.4274555 8.9999987 0.1232069 0.3968936 0.3883753 0.0000000 0.3890896 0.1671886 0.2881350 0.5244606 0.4129078 0.1490130 0.4170150 0.2129950 0.3660712 0.4070569 0.4000384 0.6750788 0.5631484 0.1505401 0.3546888 8.9999989 0.4842739 0.4904368 0.4092744 0.2888826 0.4378566 0.4976850 0.3337855 0.5516745 0.5186869 0.0534717 0.5124706 0.3983276 0.3395042 0.4419654 0.5008048 0.5267345 0.3766420 0.3778796 0.3651504 0.4064118 0.4183270 0.3941184 8.9999982 0.3419600 0.3624316 0.5186869 
ACHA040-20_HLS21703_Auriculella_perpusilla       0.4159567 0.2479798 0.5045450 0.3435381 0.4686440 0.4991933 0.6226187 4.2600011 0.3434984 0.4891555 0.4918230 0.3890896 0.0000000 0.3608187 0.3052093 0.4939021 0.5052837 0.3737984 0.5175741 0.4501498 0.5558070 0.5564209 0.0338233 0.6166438 0.4398719 0.4129435 0.0264859 7.6543539 0.4977927 0.4911780 0.5237818 0.2460928 0.3877025 0.4862715 0.4836703 0.4291759 0.6110164 0.4365581 0.5761023 0.4523280 0.4212908 0.4760861 0.6000135 0.5210589 0.2949886 0.0408176 0.4761439 0.5070908 0.4806751 0.4740949 8.4666651 0.2207861 0.5248555 0.6110164 
ACHA004-20_HLS20609_Auriculella_crassula         0.2841215 0.2651155 0.4623976 0.1370831 0.3667764 0.5294579 0.4776617 8.9999983 0.0186102 0.3541652 0.3489697 0.1671886 0.3608187 0.0000000 0.3101786 0.5531583 0.3986645 0.0470752 0.4296768 0.1819678 0.3790438 0.3746204 0.3565535 0.5145224 0.3976553 0.0475619 0.2761870 8.9999989 0.3977971 0.5036864 0.3591269 0.2367980 0.4009326 0.4889630 0.3166643 0.3864380 0.5375553 0.1941707 0.3945499 0.4403886 0.3251532 0.4279039 0.4245486 0.4289470 0.3316354 0.2960917 0.4330534 0.4192463 0.4354815 0.4310601 8.9999989 0.2468521 0.3750425 0.5102837 
ACHA036-20_HLS20183_Auriculella_ambusta          0.4409020 0.1711755 0.4408670 0.3414588 0.3675255 0.4701061 0.5294545 6.4535645 0.2970235 0.4219344 0.4492378 0.2881350 0.3052093 0.3101786 0.0000000 0.5260892 0.4886866 0.3446995 0.4665909 0.4094765 0.6135562 0.5154849 0.2706884 0.6667355 0.4825012 0.3443961 0.2718640 5.5340865 0.5051508 0.4778216 0.4623687 0.1678939 0.4156933 0.5846781 0.4498205 0.4729179 0.6319569 0.3115970 0.5313793 0.4375687 0.4661631 0.4626901 0.5409213 0.5557976 0.0223264 0.2213673 0.4354020 0.4569559 0.4700566 0.4335050 6.9529155 0.1267779 0.5379080 0.6319569 
ACHA048-20_HLS20198_Auriculella_turritella       0.3644281 0.5865235 0.0063487 0.5266142 0.5425088 0.0476700 0.5057848 6.4025974 0.5350125 0.3538255 0.4687320 0.5244606 0.4939021 0.5531583 0.5260892 0.0000000 0.5935213 0.5647217 0.0563482 0.5944780 0.5320173 0.4581054 0.4606573 0.6217536 0.6263369 0.6137691 0.5005995 5.9027643 0.4557224 0.0412698 0.5664514 0.5235279 0.4888124 0.4454638 0.5059419 0.6144940 0.5278805 0.5394164 0.4476329 0.5827002 0.5796347 0.5967035 0.5179205 0.4432536 0.5804575 0.4716302 0.5737000 0.0490428 0.5665449 0.5718567 5.8369222 0.4926223 0.5331149 0.5278805 
ACHA032-20_HLS20127_Auriculella_uniplicata       0.4327153 0.5538470 0.5241765 0.4320352 0.1061541 0.5978180 0.6086526 5.5021064 0.4085773 0.4545127 0.5025350 0.4129078 0.5052837 0.3986645 0.4886866 0.5935213 0.0000000 0.4861081 0.5404481 0.4854395 0.6110385 0.5046821 0.4563304 0.7365008 0.7024966 0.4800536 0.4333965 7.3562726 0.5672520 0.5898576 0.4448806 0.4683195 0.5974997 0.6289627 0.4630149 0.6905744 0.7192155 0.4460579 0.5215853 0.1746683 0.4873036 0.0114770 0.6197939 0.6273745 0.5348487 0.4029115 0.2164490 0.5306621 0.0238338 0.2401090 6.9372488 0.4661121 0.5965837 0.7192155 
ACHA020-20_HLS20595_Auriculella_crassula         0.3369174 0.3025191 0.4704069 0.1567170 0.4522714 0.5404634 0.5408280 5.4782540 0.0256424 0.4317894 0.3441030 0.1490130 0.3737984 0.0470752 0.3446995 0.5647217 0.4861081 0.0000000 0.4363386 0.1762878 0.4320126 0.4288230 0.3693508 0.6914980 0.4750633 0.0123482 0.2914586 7.9910422 0.5311604 0.5143855 0.3650928 0.2677077 0.3477502 0.5965370 0.3587224 0.4627173 0.6135380 0.1710210 0.4472166 0.5249866 0.3732358 0.5184811 0.5197685 0.5945720 0.3840251 0.3235070 0.5164397 0.4253661 0.5230450 0.5144116 7.6066142 0.2940938 0.4253100 0.6135380 
ACHA026-20_HLS20336_Auriculella_turritella       0.3063388 0.6250099 0.0437248 0.4318824 0.4921526 0.0628982 0.4181275 6.0305493 0.4123600 0.3023952 0.3728294 0.4170150 0.5175741 0.4296768 0.4665909 0.0563482 0.5404481 0.4363386 0.0000000 0.4892113 0.5127572 0.3760364 0.5304980 0.6000544 0.6061911 0.4771311 0.4350983 5.9869163 0.3851517 0.0410424 0.4699068 0.5354921 0.4521263 0.4245598 0.4176620 0.5940871 0.5068645 0.4327954 0.3660243 0.5011928 0.4812561 0.5702686 0.4300311 0.4223309 0.5153517 0.4675502 0.4930382 0.0058504 0.5426309 0.4910109 6.4157616 0.5334055 0.5259757 0.5068645 
ACHA013-20_HLS20458_Auriculella_crassula         0.3569112 0.4782185 0.5222004 0.0460020 0.4816262 0.6291850 0.5406408 8.9999988 0.1326260 0.3866735 0.4282665 0.2129950 0.4501498 0.1819678 0.4094765 0.5944780 0.4854395 0.1762878 0.4892113 0.0000000 0.4956046 0.4593321 0.4466626 0.6198961 0.5702287 0.1779628 0.3600766 8.9999989 0.4980273 0.5739502 0.4537174 0.4315554 0.4777212 0.5877242 0.4048678 0.5592310 0.6422599 0.2402474 0.4408104 0.5256878 0.4315533 0.5155202 0.4981447 0.5397104 0.4178491 0.3806298 0.4919481 0.4784644 0.5238880 0.4899494 8.9999982 0.3985240 0.4966474 0.6422599 
ACHA041-20_HLS20731_Auriculella_malleata         0.5249975 0.5678859 0.5438258 0.4529196 0.5899630 0.5514330 0.5956408 7.2063373 0.3707847 0.6413427 0.0446371 0.3660712 0.5558070 0.3790438 0.6135562 0.5320173 0.6110385 0.4320126 0.5127572 0.4956046 0.0000000 0.5151224 0.5525984 0.6235002 0.7455404 0.3994232 0.5626748 8.8708799 0.6610087 0.5272774 0.0527993 0.4778170 0.7219529 0.6493821 0.1106435 0.7717039 0.5839906 0.3851038 0.5039150 0.6523761 0.1374260 0.6443927 0.5729883 0.6477533 0.6564829 0.5647717 0.6425143 0.5005146 0.6191366 0.6409450 8.9999987 0.4754198 0.0359260 0.5667899 
ACHA029-20_HLS20186_Auriculella_gagneorum        0.1707264 0.5351598 0.4047763 0.3449196 0.4987222 0.4491192 0.1447323 6.5492465 0.3581182 0.2052116 0.4134071 0.4070569 0.5564209 0.3746204 0.5154849 0.4581054 0.5046821 0.4288230 0.3760364 0.4593321 0.5151224 0.0000000 0.5575518 0.0858572 0.7160686 0.4252693 0.5034622 7.8635898 0.2625900 0.4280289 0.4268074 0.4785327 0.5729437 0.2818879 0.4821084 0.7035771 0.1605897 0.3991879 0.0061388 0.5371171 0.5476464 0.5026364 0.1335459 0.2801776 0.5647674 0.4850556 0.5856827 0.3660243 0.5110651 0.5721896 8.4650719 0.4761641 0.5046606 0.1605897 
ACHA039-20_HLS21705_Auriculella_perpusilla       0.4781884 0.1946334 0.4716302 0.3390190 0.4171207 0.4952906 0.6251840 4.3414557 0.3389744 0.5078321 0.4876413 0.4000384 0.0338233 0.3565535 0.2706884 0.4606573 0.4563304 0.3693508 0.5304980 0.4466626 0.5525984 0.5575518 0.0000000 0.6190754 0.4369810 0.4089135 0.0343709 7.5694715 0.4970690 0.4682349 0.5050292 0.1902042 0.3689591 0.4851155 0.4643002 0.4261860 0.6133795 0.4482968 0.5777437 0.4358821 0.4002403 0.4255125 0.6021607 0.5211259 0.2619813 0.0064820 0.4606408 0.5199154 0.4302237 0.4585033 8.4104465 0.1660714 0.5072631 0.6133795 
ACHA017-20_HLS20878_Auriculella_gagneorum        0.2242694 0.5719381 0.6321348 0.5721012 0.7352939 0.6092400 0.2268471 8.9999983 0.5857922 0.2618153 0.5896832 0.6750788 0.6166438 0.5145224 0.6667355 0.6217536 0.7365008 0.6914980 0.6000544 0.6198961 0.6235002 0.0858572 0.6190754 0.0000000 0.7192614 0.6833553 0.4869209 8.9999985 0.2715279 0.5886780 0.6360834 0.5144649 0.6370911 0.3081875 0.5835352 0.7069635 0.2211293 0.6789277 0.0609796 0.7404371 0.6423314 0.7355360 0.1717565 0.2623978 0.5749565 0.4869209 0.7999804 0.5896606 0.7107712 0.7828339 8.9999989 0.4063201 0.6079439 0.1975165 
ACHA053-20_HLS21612_Auriculella_perversa         0.6786915 0.4193383 0.6366142 0.5280337 0.6539042 0.6301630 0.6791170 6.9366689 0.4068432 0.6669075 0.7465622 0.5631484 0.4398719 0.3976553 0.4825012 0.6263369 0.7024966 0.4750633 0.6061911 0.5702287 0.7455404 0.7160686 0.4369810 0.7192614 0.0000000 0.4469720 0.4343187 6.9552506 0.6706548 0.6410461 0.7429999 0.4063068 0.4592777 0.6599541 0.7663226 0.0054568 0.6674532 0.6189401 0.7371701 0.6572373 0.7511274 0.6716495 0.6562282 0.6585310 0.5337737 0.4457958 0.6799720 0.6246488 0.6811146 0.6787386 5.3441174 0.4045431 0.7577254 0.6674532 
ACHA023-20_HLS20607_Auriculella_crassula         0.3367730 0.3033284 0.5109778 0.1583407 0.4476064 0.5876459 0.5369026 6.4707100 0.0258986 0.4280801 0.3437750 0.1505401 0.4129435 0.0475619 0.3443961 0.6137691 0.4800536 0.0123482 0.4771311 0.1779628 0.3994232 0.4252693 0.4089135 0.6833553 0.4469720 0.0000000 0.3285583 8.6219078 0.5273362 0.5620346 0.3641022 0.2691287 0.3864174 0.5903222 0.3579183 0.4348693 0.6072491 0.1726575 0.4429072 0.5216285 0.3717990 0.5110267 0.5164750 0.5883712 0.3825789 0.3573779 0.5133614 0.4661270 0.5196161 0.5113880 8.1962396 0.2950179 0.4220116 0.6072491 
ACHA008-20_HLS20187_Auriculella_perpusilla       0.2941128 0.2547864 0.4409174 0.2736865 0.3980253 0.5057681 0.5487396 8.9999985 0.2732090 0.3323419 0.3617470 0.3546888 0.0264859 0.2761870 0.2718640 0.5005995 0.4333965 0.2914586 0.4350983 0.3600766 0.5626748 0.5034622 0.0343709 0.4869209 0.4343187 0.3285583 0.0000000 8.9999982 0.3404100 0.4793053 0.3830581 0.2523565 0.4066171 0.4575898 0.3994172 0.4234046 0.6245731 0.3799986 0.4152355 0.3980305 0.3449249 0.4365089 0.4028455 0.3934736 0.1988253 0.0256980 0.3908716 0.4248095 0.3914977 0.3888481 8.9999988 0.1397553 0.5178453 0.6245731 
ACHA002-20_HLS20002_Tornatellides_sp             8.9999981 5.5408996 6.3006679 8.9999987 6.9933756 4.3451084 6.3048716 1.2144064 8.4881700 8.9999988 8.9999982 8.9999989 7.6543539 8.9999989 5.5340865 5.9027643 7.3562726 7.9910422 5.9869163 8.9999989 8.8708799 7.8635898 7.5694715 8.9999985 6.9552506 8.6219078 8.9999982 0.0000000 8.9999985 5.0564302 8.9999990 5.7872825 5.8685887 4.4094601 8.5323456 6.8142339 5.7544458 8.9999990 8.9999989 6.6472240 8.9999990 7.3219393 8.9999987 8.9999985 8.9999984 8.9999983 7.5730842 5.8781854 7.1929824 8.1316879 0.1821766 8.9999984 6.9474180 5.7544458 
ACHA010-20_HLS20134_Auriculella_tenella          0.1334551 0.5901875 0.3878429 0.4034272 0.5092694 0.4736411 0.2983069 8.9999986 0.4494731 0.1306731 0.5807381 0.4842739 0.4977927 0.3977971 0.5051508 0.4557224 0.5672520 0.5311604 0.3851517 0.4980273 0.6610087 0.2625900 0.4970690 0.2715279 0.6706548 0.5273362 0.3404100 8.9999985 0.0000000 0.3986208 0.6207941 0.5612138 0.6447007 0.0064967 0.5715582 0.6585310 0.3252397 0.5455546 0.2297084 0.5207928 0.5962129 0.5702610 0.2597284 0.0043379 0.4644084 0.3441582 0.5386022 0.3754567 0.5160457 0.5367378 8.9999982 0.4276939 0.6434300 0.3252397 
ACHA045-20_HLS20816_Auriculella_turritella       0.3402668 0.5655406 0.0336548 0.5059226 0.4697498 0.0478001 0.4749263 6.1649354 0.4849699 0.3322499 0.4633905 0.4904368 0.4911780 0.5036864 0.4778216 0.0412698 0.5898576 0.5143855 0.0410424 0.5739502 0.5272774 0.4280289 0.4682349 0.5886780 0.6410461 0.5620346 0.4793053 5.0564302 0.3986208 0.0000000 0.5618851 0.5028506 0.4662902 0.3878835 0.5008632 0.6291379 0.4972730 0.5062268 0.4174731 0.5508157 0.5897228 0.5931013 0.4872426 0.3856387 0.5323495 0.4793053 0.5417891 0.0340094 0.5626395 0.5397687 6.2665411 0.4709138 0.5283797 0.4972730 
ACHA007-20_HLS20655_Auriculella_malleata         0.4697768 0.5224198 0.4890911 0.3745005 0.4217362 0.5858124 0.5014675 8.9999982 0.3077643 0.5525029 0.0278540 0.4092744 0.5237818 0.3591269 0.4623687 0.5664514 0.4448806 0.3650928 0.4699068 0.4537174 0.0527993 0.4268074 0.5050292 0.6360834 0.7429999 0.3641022 0.3830581 8.9999990 0.6207941 0.5618851 0.0000000 0.4326386 0.7322208 0.6680465 0.1055827 0.7682927 0.5718877 0.4223264 0.5102498 0.4823697 0.1283908 0.4744615 0.4842169 0.6705600 0.4224142 0.3833015 0.4744938 0.4578983 0.4506876 0.4724719 8.9999988 0.3698274 0.0427702 0.5547281 
ACHA043-20_HLS21744_Auriculella_ambusta          0.4780405 0.0415863 0.5054604 0.3215216 0.3849065 0.5001181 0.5439270 5.8034216 0.2219551 0.4768734 0.4178203 0.2888826 0.2460928 0.2367980 0.1678939 0.5235279 0.4683195 0.2677077 0.5354921 0.4315554 0.4778170 0.4785327 0.1902042 0.5144649 0.4063068 0.2691287 0.2523565 5.7872825 0.5612138 0.5028506 0.4326386 0.0000000 0.3376368 0.5509590 0.3977781 0.3961281 0.5321695 0.3311856 0.4974354 0.4641969 0.3429695 0.4661121 0.5210549 0.5489887 0.1626236 0.2000206 0.4615755 0.5248946 0.4746368 0.4594552 6.9397098 0.0265829 0.4392706 0.5321695 
ACHA049-20_HLS21154_Auriculella_montana          0.5212342 0.3778380 0.4698432 0.4396001 0.5942890 0.4943269 0.6183202 5.7028762 0.3818373 0.5516019 0.6863596 0.4378566 0.3877025 0.4009326 0.4156933 0.4888124 0.5974997 0.3477502 0.4521263 0.4777212 0.7219529 0.5729437 0.3689591 0.6370911 0.4592777 0.3864174 0.4066171 5.8685887 0.6447007 0.4662902 0.7322208 0.3376368 0.0000000 0.6328157 0.6124913 0.4475255 0.6445901 0.4945518 0.5943008 0.6288597 0.6754257 0.5955347 0.6324432 0.6310292 0.4487367 0.3794737 0.6237257 0.4402154 0.6358840 0.6220415 7.6645878 0.3355775 0.7256125 0.6445901 
ACHA042-20_HLS20524_Auriculella_tenella          0.1653331 0.5793635 0.4280357 0.4493119 0.5666820 0.4637871 0.3233599 5.7885963 0.4997406 0.1707878 0.6191082 0.4976850 0.4862715 0.4889630 0.5846781 0.4454638 0.6289627 0.5965370 0.4245598 0.5877242 0.6493821 0.2818879 0.4851155 0.3081875 0.6599541 0.5903222 0.4575898 4.4094601 0.0064967 0.3878835 0.6680465 0.5509590 0.6328157 0.0000000 0.6385160 0.6478870 0.3150369 0.5578401 0.2714089 0.5779061 0.6709704 0.6318127 0.3046578 0.0132810 0.6234530 0.4970690 0.5971328 0.4140080 0.5739275 0.5953820 6.1222433 0.5206229 0.6323540 0.3150369 
ACHA021-20_HLS21114_Auriculella_malleata         0.5149385 0.4828771 0.4367692 0.3843370 0.4736586 0.5263695 0.6205944 5.3574983 0.3093573 0.5387163 0.0809955 0.3337855 0.4836703 0.3166643 0.4498205 0.5059419 0.4630149 0.3587224 0.4176620 0.4048678 0.1106435 0.4821084 0.4643002 0.5835352 0.7663226 0.3579183 0.3994172 8.5323456 0.5715582 0.5008632 0.1055827 0.3977781 0.6124913 0.6385160 0.0000000 0.7523539 0.7024050 0.3618788 0.4710861 0.5335882 0.0199561 0.4937602 0.5996215 0.6368735 0.4986395 0.3997393 0.4989327 0.4057745 0.5021640 0.4968972 8.7717453 0.3952520 0.0960850 0.6838760 
ACHA052-20_HLS20232_Auriculella_perversa         0.6664278 0.4084912 0.6247599 0.5175834 0.6424269 0.6184406 0.7022157 6.7703877 0.3957245 0.6551111 0.7725452 0.5516745 0.4291759 0.3864380 0.4729179 0.6144940 0.6905744 0.4627173 0.5940871 0.5592310 0.7717039 0.7035771 0.4261860 0.7069635 0.0054568 0.4348693 0.4234046 6.8142339 0.6585310 0.6291379 0.7682927 0.3961281 0.4475255 0.6478870 0.7523539 0.0000000 0.6905076 0.6073365 0.7243846 0.6459146 0.7511274 0.6599969 0.6791170 0.6463919 0.5239661 0.4350895 0.6685856 0.6125042 0.6693739 0.6672927 5.2219586 0.3943634 0.7834403 0.6905076 
ACHA050-20_HLS20539_Auriculella_gagneorum        0.2401208 0.6309849 0.5377626 0.5123399 0.6396491 0.5706625 0.0130179 6.4198674 0.5203276 0.2821331 0.5859110 0.5186869 0.6110164 0.5375553 0.6319569 0.5278805 0.7192155 0.6135380 0.5068645 0.6422599 0.5839906 0.1605897 0.6133795 0.2211293 0.6674532 0.6072491 0.6245731 5.7544458 0.3252397 0.4972730 0.5718877 0.5321695 0.6445901 0.3150369 0.7024050 0.6905076 0.0000000 0.5629373 0.1730928 0.6168839 0.7261369 0.7181609 0.0063727 0.3131717 0.7040497 0.6245731 0.6679510 0.4967666 0.6939565 0.6532034 6.6616295 0.5658526 0.5357669 0.0128147 
ACHA003-20_HLS20637_Auriculella_crassula         0.3740277 0.3699602 0.4493855 0.2310590 0.3836627 0.5442072 0.4711764 8.9999990 0.1427635 0.3677691 0.3935845 0.0534717 0.4365581 0.1941707 0.3115970 0.5394164 0.4460579 0.1710210 0.4327954 0.2402474 0.3851038 0.3991879 0.4482968 0.6789277 0.6189401 0.1726575 0.3799986 8.9999990 0.5455546 0.5062268 0.4223264 0.3311856 0.4945518 0.5578401 0.3618788 0.6073365 0.5629373 0.0000000 0.4952412 0.4054606 0.3829116 0.4746059 0.5263083 0.5910609 0.3974226 0.4028330 0.3982001 0.4225082 0.4516571 0.3651504 8.9999982 0.3663960 0.3907091 0.5629373 
ACHA015-20_HLS20185_Auriculella_gagneorum        0.1457909 0.5549898 0.3949516 0.3615061 0.5159371 0.4387704 0.1557972 8.9999984 0.3746204 0.1765573 0.4467903 0.5124706 0.5761023 0.3945499 0.5313793 0.4476329 0.5215853 0.4472166 0.3660243 0.4408104 0.5039150 0.0061388 0.5777437 0.0609796 0.7371701 0.4429072 0.4152355 8.9999989 0.2297084 0.4174731 0.5102498 0.4974354 0.5943008 0.2714089 0.4710861 0.7243846 0.1730928 0.4952412 0.0000000 0.5537862 0.5361917 0.5196103 0.1287715 0.2388557 0.4911195 0.4000440 0.6022784 0.3558612 0.5280492 0.5886622 8.9999985 0.3923911 0.4938500 0.1730928 
ACHA025-20_HLS20708_Auriculella_uniplicata       0.4992512 0.5133195 0.4906833 0.4423807 0.1417843 0.5869273 0.5200773 5.1209074 0.4496751 0.3934749 0.5413201 0.3983276 0.4523280 0.4403886 0.4375687 0.5827002 0.1746683 0.5249866 0.5011928 0.5256878 0.6523761 0.5371171 0.4358821 0.7404371 0.6572373 0.5216285 0.3980305 6.6472240 0.5207928 0.5508157 0.4823697 0.4641969 0.6288597 0.5779061 0.5335882 0.6459146 0.6168839 0.4054606 0.5537862 0.0000000 0.5571079 0.1531286 0.5311877 0.5760506 0.4940750 0.3853514 0.0372665 0.4914586 0.1344614 0.0509388 7.6837145 0.4347984 0.6361961 0.6168839 
ACHA038-20_HLS21113_Auriculella_malleata         0.5538613 0.4257920 0.5005073 0.4101724 0.4993851 0.5918269 0.6361317 4.9680770 0.3169780 0.5770329 0.0998225 0.3395042 0.4212908 0.3251532 0.4661631 0.5796347 0.4873036 0.3732358 0.4812561 0.4315533 0.1374260 0.5476464 0.4002403 0.6423314 0.7511274 0.3717990 0.3449249 8.9999990 0.5962129 0.5897228 0.1283908 0.3429695 0.6754257 0.6709704 0.0199561 0.7511274 0.7261369 0.3829116 0.5361917 0.5571079 0.0000000 0.5203256 0.6136497 0.6694306 0.4457835 0.3454875 0.5201577 0.4691301 0.5295087 0.5180639 8.9999983 0.3530790 0.1191119 0.7059174 
ACHA031-20_HLS20126_Auriculella_uniplicata       0.4619486 0.5222438 0.5274364 0.4607355 0.1064254 0.6009362 0.6070745 5.4789544 0.4375561 0.4838826 0.5334108 0.4419654 0.4760861 0.4279039 0.4626901 0.5967035 0.0114770 0.5184811 0.5702686 0.5155202 0.6443927 0.5026364 0.4255125 0.7355360 0.6716495 0.5110267 0.4365089 7.3219393 0.5702610 0.5931013 0.4744615 0.4661121 0.5955347 0.6318127 0.4937602 0.6599969 0.7181609 0.4746059 0.5196103 0.1531286 0.5203256 0.0000000 0.6182823 0.6302542 0.5083864 0.3747361 0.2176398 0.5605645 0.0238535 0.2415413 6.9010471 0.4354488 0.6284907 0.7181609 
ACHA011-20_HLS20137_Auriculella_gagneorum        0.1716348 0.6194512 0.4591076 0.4347687 0.5507948 0.5610348 0.0059103 8.9999986 0.4424055 0.2048167 0.4638256 0.5008048 0.6000135 0.4245486 0.5409213 0.5179205 0.6197939 0.5197685 0.4300311 0.4981447 0.5729883 0.1335459 0.6021607 0.1717565 0.6562282 0.5164750 0.4028455 8.9999987 0.2597284 0.4872426 0.4842169 0.5210549 0.6324432 0.3046578 0.5996215 0.6791170 0.0063727 0.5263083 0.1287715 0.5311877 0.6136497 0.6182823 0.0000000 0.2719686 0.4717521 0.4028455 0.5778402 0.4202270 0.5957511 0.5648958 8.9999985 0.4205159 0.5248545 0.0063727 
ACHA019-20_HLS20347_Auriculella_tenella          0.1410141 0.5774202 0.4257891 0.4468904 0.5647205 0.4616743 0.3214415 8.9999988 0.4975135 0.1374256 0.6283417 0.5267345 0.5210589 0.4289470 0.5557976 0.4432536 0.6273745 0.5945720 0.4223309 0.5397104 0.6477533 0.2801776 0.5211259 0.2623978 0.6585310 0.5883712 0.3934736 8.9999985 0.0043379 0.3856387 0.6705600 0.5489887 0.6310292 0.0132810 0.6368735 0.6463919 0.3131717 0.5910609 0.2388557 0.5760506 0.6694306 0.6302542 0.2719686 0.0000000 0.4972711 0.3979434 0.5953820 0.4117541 0.5720089 0.5936121 8.9999988 0.4183167 0.6306882 0.3131717 
ACHA016-20_HLS20184_Auriculella_ambusta          0.3730774 0.1656134 0.4882891 0.3785123 0.4250200 0.5232716 0.5954537 8.9999981 0.3302214 0.3909183 0.4121592 0.3766420 0.2949886 0.3316354 0.0223264 0.5804575 0.5348487 0.3840251 0.5153517 0.4178491 0.6564829 0.5647674 0.2619813 0.5749565 0.5337737 0.3825789 0.1988253 8.9999984 0.4644084 0.5323495 0.4224142 0.1626236 0.4487367 0.6234530 0.4986395 0.5239661 0.7040497 0.3974226 0.4911195 0.4940750 0.4457835 0.5083864 0.4717521 0.4972711 0.0000000 0.1692118 0.4914940 0.5056564 0.5161569 0.4896381 8.9999981 0.1034869 0.5774332 0.7040497 
ACHA005-20_HLS20091_Auriculella_perpusilla       0.3043207 0.2048136 0.4139344 0.3003353 0.3667502 0.5057681 0.5487396 8.9999982 0.3001240 0.3418343 0.3620653 0.3778796 0.0408176 0.2960917 0.2213673 0.4716302 0.4029115 0.3235070 0.4675502 0.3806298 0.5647717 0.4850556 0.0064820 0.4869209 0.4457958 0.3573779 0.0256980 8.9999983 0.3441582 0.4793053 0.3833015 0.2000206 0.3794737 0.4970690 0.3997393 0.4350895 0.6245731 0.4028330 0.4000440 0.3853514 0.3454875 0.3747361 0.4028455 0.3979434 0.1692118 0.0000000 0.4086393 0.4575896 0.3784166 0.4066401 8.9999986 0.1128417 0.5190831 0.6245731 
ACHA037-20_HLS20131_Auriculella_uniplicata       0.5176773 0.5101376 0.4826118 0.4099072 0.1394229 0.5780085 0.5671187 6.0003973 0.4423344 0.4128801 0.5327476 0.3651504 0.4761439 0.4330534 0.4354020 0.5737000 0.2164490 0.5164397 0.4930382 0.4919481 0.6425143 0.5856827 0.4606408 0.7999804 0.6799720 0.5133614 0.3908716 7.5730842 0.5386022 0.5417891 0.4744938 0.4615755 0.6237257 0.5971328 0.4989327 0.6685856 0.6679510 0.3982001 0.6022784 0.0372665 0.5201577 0.2176398 0.5778402 0.5953820 0.4914940 0.4086393 0.0000000 0.4832979 0.1737798 0.0239074 7.8985938 0.4322988 0.6268312 0.6679510 
ACHA022-20_HLS20335_Auriculella_turritella       0.2957310 0.6138555 0.0373045 0.4214754 0.4818306 0.0556244 0.4081494 5.9115023 0.4017603 0.2927894 0.3606627 0.4064118 0.5070908 0.4192463 0.4569559 0.0490428 0.5306621 0.4253661 0.0058504 0.4784644 0.5005146 0.3660243 0.5199154 0.5896606 0.6246488 0.4661270 0.4248095 5.8781854 0.3754567 0.0340094 0.4578983 0.5248946 0.4402154 0.4140080 0.4057745 0.6125042 0.4967666 0.4225082 0.3558612 0.4914586 0.4691301 0.5605645 0.4202270 0.4117541 0.5056564 0.4575896 0.4832979 0.0000000 0.5329140 0.4812330 6.3159280 0.5227549 0.5138206 0.4967666 
ACHA035-20_HLS20702_Auriculella_uniplicata       0.4383523 0.5316291 0.4998740 0.4375537 0.0907311 0.5710724 0.5842972 6.0951894 0.4451422 0.4603560 0.5091117 0.4183270 0.4806751 0.4354815 0.4700566 0.5665449 0.0238338 0.5230450 0.5426309 0.5238880 0.6191366 0.5110651 0.4302237 0.7107712 0.6811146 0.5196161 0.3914977 7.1929824 0.5160457 0.5626395 0.4506876 0.4746368 0.6358840 0.5739275 0.5021640 0.6693739 0.6939565 0.4516571 0.5280492 0.1344614 0.5295087 0.0238535 0.5957511 0.5720089 0.5161569 0.3784166 0.1737798 0.5329140 0.0000000 0.1960759 7.4852256 0.4439560 0.6042027 0.6939565 
ACHA034-20_HLS20130_Auriculella_uniplicata       0.5156911 0.5080407 0.4805662 0.4078809 0.1593841 0.5762060 0.5541662 6.1668657 0.4403620 0.4107549 0.5307873 0.3941184 0.4740949 0.4310601 0.4335050 0.5718567 0.2401090 0.5144116 0.4910109 0.4899494 0.6409450 0.5721896 0.4585033 0.7828339 0.6787386 0.5113880 0.3888481 8.1316879 0.5367378 0.5397687 0.4724719 0.4594552 0.6220415 0.5953820 0.4968972 0.6672927 0.6532034 0.3651504 0.5886622 0.0509388 0.5180639 0.2415413 0.5648958 0.5936121 0.4896381 0.4066401 0.0239074 0.4812330 0.1960759 0.0000000 8.6514557 0.4300934 0.6252399 0.6532034 
ACHA216-22_PCMB54681_Tornatellides_subperforatus 8.9999981 6.6543291 6.7143787 8.9999985 7.5282494 5.5544520 7.5757215 1.1982366 7.3490630 8.9999990 8.9999981 8.9999982 8.4666651 8.9999989 6.9529155 5.8369222 6.9372488 7.6066142 6.4157616 8.9999982 8.9999987 8.4650719 8.4104465 8.9999989 5.3441174 8.1962396 8.9999988 0.1821766 8.9999982 6.2665411 8.9999988 6.9397098 7.6645878 6.1222433 8.7717453 5.2219586 6.6616295 8.9999982 8.9999985 7.6837145 8.9999983 6.9010471 8.9999985 8.9999988 8.9999981 8.9999986 7.8985938 6.3159280 7.4852256 8.6514557 0.0000000 8.9999989 8.8580246 7.1668456 
ACHA018-20_HLS20747_Auriculella_ambusta          0.3371121 0.0268920 0.4742532 0.3196350 0.3199993 0.4690093 0.5774796 8.9999983 0.2455079 0.3536000 0.3580666 0.3419600 0.2207861 0.2468521 0.1267779 0.4926223 0.4661121 0.2940938 0.5334055 0.3985240 0.4754198 0.4761641 0.1660714 0.4063201 0.4045431 0.2950179 0.1397553 8.9999984 0.4276939 0.4709138 0.3698274 0.0265829 0.3355775 0.5206229 0.3952520 0.3943634 0.5658526 0.3663960 0.3923911 0.4347984 0.3530790 0.4354488 0.4205159 0.4183167 0.1034869 0.1128417 0.4322988 0.5227549 0.4439560 0.4300934 8.9999989 0.0000000 0.4368681 0.5658526 
ACHA047-20_HLS20723_Auriculella_malleata         0.5269247 0.5235536 0.5449117 0.4454670 0.5760151 0.5524770 0.5472834 6.4062875 0.3670787 0.6358241 0.0358825 0.3624316 0.5248555 0.3750425 0.5379080 0.5331149 0.5965837 0.4253100 0.5259757 0.4966474 0.0359260 0.5046606 0.5072631 0.6079439 0.7577254 0.4220116 0.5178453 6.9474180 0.6434300 0.5283797 0.0427702 0.4392706 0.7256125 0.6323540 0.0960850 0.7834403 0.5357669 0.3907091 0.4938500 0.6361961 0.1191119 0.6284907 0.5248545 0.6306882 0.5774332 0.5190831 0.6268312 0.5138206 0.6042027 0.6252399 8.8580246 0.4368681 0.0000000 0.5193444 
ACHA046-20_HLS20536_Auriculella_gagneorum        0.2401208 0.6309849 0.5377626 0.5123399 0.6396491 0.5706625 0.0130179 5.7823749 0.5203276 0.2821331 0.5687918 0.5186869 0.6110164 0.5102837 0.6319569 0.5278805 0.7192155 0.6135380 0.5068645 0.6422599 0.5667899 0.1605897 0.6133795 0.1975165 0.6674532 0.6072491 0.6245731 5.7544458 0.3252397 0.4972730 0.5547281 0.5321695 0.6445901 0.3150369 0.6838760 0.6905076 0.0128147 0.5629373 0.1730928 0.6168839 0.7059174 0.7181609 0.0063727 0.3131717 0.7040497 0.6245731 0.6679510 0.4967666 0.6939565 0.6532034 7.1668456 0.5658526 0.5193444 0.0000000 
